
 0 0.0302734375 0.5517578125 0.060546875 0.076171875
 0 0.0888671875 0.546875 0.087890625 0.06640625
 0 0.1728515625 0.525390625 0.060546875 0.06640625
 0 0.2392578125 0.5234375 0.044921875 0.05078125
 4 0.337890625 0.384765625 0.0234375 0.0703125
 0 0.431640625 0.53125 0.05859375 0.07421875
 4 0.529296875 0.384765625 0.015625 0.06640625
 1 0.6572265625 0.509765625 0.025390625 0.09375
 1 0.8828125 0.5087890625 0.03515625 0.123046875
 2 0.91015625 0.498046875 0.04296875 0.0859375
 2 0.9033203125 0.482421875 0.025390625 0.06640625
 0 0.94921875 0.5146484375 0.09765625 0.099609375