
 0 0.9150390625 0.654296875 0.169921875 0.39453125
 0 0.033203125 0.5751953125 0.06640625 0.091796875
 0 0.1748046875 0.55078125 0.056640625 0.06640625
 0 0.294921875 0.55859375 0.109375 0.1484375
 0 0.3701171875 0.5556640625 0.017578125 0.064453125
 0 0.4521484375 0.5517578125 0.076171875 0.134765625
 0 0.498046875 0.5458984375 0.046875 0.142578125
 0 0.5498046875 0.5478515625 0.095703125 0.169921875
 0 0.6337890625 0.5615234375 0.130859375 0.208984375
 0 0.767578125 0.595703125 0.203125 0.2578125