
 0 0.2060546875 0.533203125 0.048828125 0.0546875
 0 0.375 0.5986328125 0.2109375 0.279296875
 4 0.296875 0.2939453125 0.01953125 0.060546875
 4 0.294921875 0.2841796875 0.01171875 0.041015625
 4 0.3955078125 0.2939453125 0.017578125 0.044921875
 1 0.55859375 0.5107421875 0.02734375 0.076171875
 4 0.5546875 0.4052734375 0.01171875 0.041015625
 1 0.556640625 0.5146484375 0.015625 0.072265625
 2 0.654296875 0.517578125 0.03515625 0.0859375
 2 0.65625 0.5146484375 0.0234375 0.072265625
 2 0.7490234375 0.5126953125 0.064453125 0.091796875
 2 0.75 0.51171875 0.04296875 0.08203125
 0 0.8447265625 0.513671875 0.142578125 0.07421875
 4 0.85546875 0.0966796875 0.0546875 0.193359375
 4 0.849609375 0.0830078125 0.03125 0.166015625
 1 0.92578125 0.53125 0.05859375 0.2109375
 1 0.9296875 0.5361328125 0.0390625 0.205078125
 0 0.962890625 0.5029296875 0.0703125 0.072265625