
 0 0.8583984375 0.4892578125 0.076171875 0.044921875
 4 0.0615234375 0.072265625 0.099609375 0.14453125
 0 0.4501953125 0.50390625 0.021484375 0.046875
 0 0.474609375 0.5029296875 0.03515625 0.048828125
 0 0.5625 0.486328125 0.0234375 0.0390625
 4 0.564453125 0.3642578125 0.015625 0.048828125
 4 0.5703125 0.0263671875 0.02734375 0.052734375
 0 0.6845703125 0.4912109375 0.119140625 0.068359375
 4 0.65234375 0.3583984375 0.015625 0.056640625
 4 0.7294921875 0.4140625 0.017578125 0.05078125
 4 0.8017578125 0.078125 0.029296875 0.109375
 0 0.9140625 0.4833984375 0.08984375 0.060546875
 0 0.9208984375 0.4873046875 0.103515625 0.056640625
 0 0.9775390625 0.4765625 0.033203125 0.05078125