
 1 0.9169921875 0.57421875 0.130859375 0.3125
 0 0.09765625 0.5458984375 0.09375 0.056640625
 0 0.1005859375 0.5400390625 0.080078125 0.044921875
 0 0.1611328125 0.5400390625 0.060546875 0.068359375
 0 0.2490234375 0.560546875 0.119140625 0.12109375
 0 0.353515625 0.54296875 0.06640625 0.0625
 0 0.4169921875 0.546875 0.064453125 0.078125
 0 0.6513671875 0.537109375 0.080078125 0.08203125
 0 0.650390625 0.5361328125 0.07421875 0.080078125
 0 0.732421875 0.5283203125 0.0859375 0.091796875