
 2 0.642578125 0.4814453125 0.04296875 0.076171875
 0 0.16796875 0.4921875 0.328125 0.33984375
 0 0.3603515625 0.484375 0.087890625 0.09375
 4 0.365234375 0.2978515625 0.015625 0.037109375
 0 0.49609375 0.5478515625 0.20703125 0.275390625
 4 0.4775390625 0.2509765625 0.013671875 0.052734375
 0 0.611328125 0.498046875 0.0546875 0.09765625
 4 0.6328125 0.3662109375 0.01953125 0.037109375
 0 0.7802734375 0.5361328125 0.255859375 0.216796875
 0 0.9384765625 0.494140625 0.119140625 0.07421875
 4 0.8916015625 0.2509765625 0.021484375 0.041015625