
 0 0.0908203125 0.5166015625 0.123046875 0.068359375
 0 0.4501953125 0.513671875 0.021484375 0.046875
 0 0.4716796875 0.5146484375 0.029296875 0.041015625
 0 0.5244140625 0.5048828125 0.029296875 0.037109375
 4 0.564453125 0.3759765625 0.015625 0.052734375
 4 0.5712890625 0.0244140625 0.025390625 0.048828125
 4 0.650390625 0.3740234375 0.015625 0.041015625
 4 0.728515625 0.43359375 0.01953125 0.0546875
 4 0.8046875 0.08203125 0.02734375 0.09375
 4 0.8115234375 0.0771484375 0.037109375 0.119140625
 0 0.8232421875 0.509765625 0.044921875 0.046875
 0 0.85546875 0.5029296875 0.0625 0.052734375
 0 0.9208984375 0.5029296875 0.083984375 0.052734375
 0 0.9775390625 0.5029296875 0.044921875 0.037109375
 0 0.9775390625 0.50390625 0.037109375 0.046875