
 0 0.1064453125 0.6025390625 0.212890625 0.228515625
 3 0.2431640625 0.4794921875 0.166015625 0.255859375
 0 0.3388671875 0.5380859375 0.037109375 0.072265625
 0 0.3427734375 0.5341796875 0.037109375 0.080078125
 0 0.416015625 0.5283203125 0.09765625 0.142578125
 4 0.384765625 0.373046875 0.015625 0.0390625
 4 0.4541015625 0.373046875 0.009765625 0.0390625
 4 0.4580078125 0.375 0.017578125 0.046875
 3 0.56640625 0.4716796875 0.14453125 0.240234375
 0 0.6767578125 0.5556640625 0.185546875 0.189453125
 0 0.76171875 0.470703125 0.10546875 0.078125
 0 0.7685546875 0.474609375 0.103515625 0.07421875