
 0 0.0185546875 0.5029296875 0.037109375 0.201171875
 0 0.0224609375 0.501953125 0.044921875 0.13671875
 0 0.0634765625 0.494140625 0.083984375 0.09375
 0 0.150390625 0.509765625 0.0390625 0.05078125
 0 0.2099609375 0.5 0.138671875 0.140625
 4 0.2490234375 0.3466796875 0.021484375 0.064453125
 4 0.25390625 0.3349609375 0.01953125 0.048828125
 0 0.4833984375 0.6474609375 0.431640625 0.501953125
 4 0.306640625 0.349609375 0.01953125 0.0625
 4 0.3837890625 0.3505859375 0.017578125 0.056640625
 4 0.3916015625 0.333984375 0.017578125 0.046875
 4 0.4443359375 0.3544921875 0.033203125 0.076171875
 4 0.4462890625 0.3408203125 0.017578125 0.048828125
 4 0.5693359375 0.4150390625 0.017578125 0.060546875
 0 0.818359375 0.4873046875 0.08984375 0.095703125
 0 0.912109375 0.4697265625 0.03125 0.072265625