
 0 0.318359375 0.4951171875 0.02734375 0.037109375
 0 0.322265625 0.494140625 0.02734375 0.0390625
 0 0.33984375 0.4921875 0.01953125 0.03515625
 0 0.439453125 0.4892578125 0.03125 0.037109375
 0 0.486328125 0.4912109375 0.02734375 0.041015625
 1 0.6962890625 0.5048828125 0.033203125 0.095703125
 0 0.7001953125 0.509765625 0.033203125 0.11328125
 0 0.8212890625 0.4853515625 0.072265625 0.048828125
 0 0.873046875 0.486328125 0.03515625 0.046875
 0 0.9169921875 0.484375 0.099609375 0.06640625
 0 0.919921875 0.482421875 0.09375 0.05078125