
 4 0.73046875 0.1962890625 0.03125 0.080078125
 4 0.939453125 0.345703125 0.015625 0.05859375
 0 0.9091796875 0.5419921875 0.181640625 0.154296875
 0 0.03125 0.568359375 0.0625 0.08984375
 0 0.107421875 0.5537109375 0.0625 0.083984375
 3 0.2255859375 0.5107421875 0.208984375 0.181640625
 0 0.2744140625 0.5439453125 0.119140625 0.126953125
 0 0.34765625 0.53515625 0.06640625 0.09375
 0 0.384765625 0.5302734375 0.0546875 0.087890625
 3 0.427734375 0.501953125 0.05078125 0.08203125
 4 0.4794921875 0.3671875 0.013671875 0.05078125
 0 0.5859375 0.5205078125 0.05078125 0.056640625
 0 0.6298828125 0.509765625 0.025390625 0.0546875
 0 0.6572265625 0.517578125 0.044921875 0.0625
 0 0.720703125 0.5234375 0.07421875 0.08203125