
 0 0.09375 0.6123046875 0.109375 0.138671875
 0 0.0947265625 0.533203125 0.076171875 0.0546875
 0 0.1650390625 0.587890625 0.056640625 0.09375
 0 0.2158203125 0.578125 0.041015625 0.0859375
 0 0.2421875 0.5751953125 0.02734375 0.056640625
 0 0.24609375 0.5751953125 0.01953125 0.060546875
 0 0.271484375 0.5751953125 0.02734375 0.064453125
 0 0.306640625 0.5654296875 0.04296875 0.068359375
 0 0.3662109375 0.56640625 0.025390625 0.06640625
 0 0.4404296875 0.5927734375 0.119140625 0.158203125
 0 0.6728515625 0.5595703125 0.064453125 0.060546875
 0 0.73828125 0.5625 0.05078125 0.06640625
 0 0.798828125 0.578125 0.1015625 0.08984375
 0 0.8876953125 0.5478515625 0.056640625 0.041015625
 0 0.951171875 0.5830078125 0.09375 0.123046875