
 0 0.0205078125 0.4912109375 0.041015625 0.060546875
 0 0.0224609375 0.4970703125 0.044921875 0.060546875
 0 0.1025390625 0.482421875 0.083984375 0.078125
 0 0.185546875 0.478515625 0.06640625 0.05859375
 4 0.3916015625 0.287109375 0.025390625 0.08203125
 4 0.3896484375 0.2822265625 0.017578125 0.060546875
 0 0.5087890625 0.556640625 0.205078125 0.25390625
 4 0.5087890625 0.2744140625 0.021484375 0.060546875
 4 0.63671875 0.30078125 0.01953125 0.0625
 0 0.8486328125 0.537109375 0.298828125 0.30859375
 4 0.7412109375 0.3828125 0.025390625 0.0703125
 4 0.7392578125 0.3798828125 0.017578125 0.048828125