
 0 0.0244140625 0.5419921875 0.048828125 0.177734375
 0 0.33203125 0.5126953125 0.21484375 0.138671875
 0 0.439453125 0.4775390625 0.05859375 0.064453125
 0 0.4423828125 0.474609375 0.060546875 0.0703125
 0 0.544921875 0.466796875 0.08203125 0.09765625
 0 0.7373046875 0.4658203125 0.080078125 0.060546875
 0 0.80859375 0.462890625 0.04296875 0.04296875
 0 0.8779296875 0.4638671875 0.064453125 0.064453125
 0 0.8759765625 0.4658203125 0.052734375 0.056640625
 0 0.9365234375 0.458984375 0.083984375 0.06640625
 0 0.939453125 0.45703125 0.07421875 0.06640625
 0 0.9873046875 0.4580078125 0.017578125 0.037109375