
 0 0.1474609375 0.5869140625 0.166015625 0.162109375
 0 0.2275390625 0.56640625 0.068359375 0.109375
 0 0.224609375 0.5615234375 0.05859375 0.111328125
 0 0.2626953125 0.5576171875 0.068359375 0.091796875
 0 0.2646484375 0.5546875 0.041015625 0.08984375
 0 0.3134765625 0.5302734375 0.064453125 0.087890625
 0 0.3154296875 0.5361328125 0.056640625 0.083984375
 0 0.357421875 0.5341796875 0.03125 0.037109375
 0 0.4609375 0.529296875 0.03125 0.0390625
 0 0.501953125 0.546875 0.02734375 0.078125
 0 0.533203125 0.552734375 0.0859375 0.09765625
 0 0.666015625 0.5888671875 0.171875 0.248046875
 0 0.66015625 0.599609375 0.15625 0.25
 0 0.8212890625 0.6796875 0.353515625 0.421875
 0 0.8212890625 0.67578125 0.349609375 0.43359375