
 0 0.140625 0.494140625 0.0625 0.03515625
 0 0.2724609375 0.48828125 0.037109375 0.03515625
 0 0.3134765625 0.484375 0.029296875 0.0390625
 0 0.357421875 0.490234375 0.05078125 0.0625
 4 0.384765625 0.3740234375 0.015625 0.037109375
 4 0.38671875 0.3779296875 0.015625 0.048828125
 0 0.421875 0.48828125 0.04296875 0.0546875
 4 0.4345703125 0.3759765625 0.017578125 0.041015625
 4 0.435546875 0.37890625 0.01171875 0.04296875
 0 0.451171875 0.482421875 0.03125 0.04296875
 0 0.494140625 0.486328125 0.03125 0.046875
 4 0.5693359375 0.435546875 0.017578125 0.03515625
 4 0.568359375 0.4345703125 0.015625 0.033203125
 0 0.6748046875 0.5224609375 0.181640625 0.150390625
 4 0.6142578125 0.412109375 0.013671875 0.0390625
 4 0.6142578125 0.4072265625 0.013671875 0.044921875
 3 0.7412109375 0.44140625 0.044921875 0.0703125
 3 0.744140625 0.4453125 0.04296875 0.08203125
 3 0.798828125 0.439453125 0.08203125 0.08984375
 3 0.794921875 0.4326171875 0.06640625 0.099609375
 3 0.8984375 0.427734375 0.19921875 0.1484375