
 0 0.048828125 0.5654296875 0.09765625 0.138671875
 0 0.1357421875 0.5673828125 0.052734375 0.041015625
 0 0.4287109375 0.525390625 0.056640625 0.08984375
 0 0.4814453125 0.533203125 0.041015625 0.05859375
 1 0.5048828125 0.5283203125 0.021484375 0.056640625
 0 0.560546875 0.5556640625 0.109375 0.123046875
 0 0.568359375 0.546875 0.1015625 0.1171875
 0 0.708984375 0.517578125 0.046875 0.046875
 0 0.712890625 0.521484375 0.03515625 0.05078125
 0 0.7900390625 0.513671875 0.044921875 0.046875
 0 0.79296875 0.51171875 0.046875 0.05859375
 0 0.8251953125 0.5029296875 0.044921875 0.052734375