
 0 0.0751953125 0.552734375 0.150390625 0.1640625
 0 0.1650390625 0.5517578125 0.060546875 0.099609375
 0 0.1689453125 0.552734375 0.056640625 0.09375
 3 0.2197265625 0.4794921875 0.072265625 0.107421875
 0 0.212890625 0.5498046875 0.046875 0.076171875
 0 0.2939453125 0.5361328125 0.083984375 0.119140625
 3 0.3359375 0.5078125 0.0546875 0.0703125
 0 0.4150390625 0.5244140625 0.052734375 0.076171875
 0 0.5029296875 0.5126953125 0.044921875 0.052734375
 0 0.5341796875 0.53515625 0.048828125 0.10546875
 0 0.54296875 0.5302734375 0.05859375 0.111328125
 0 0.6025390625 0.541015625 0.107421875 0.13671875
 0 0.705078125 0.494140625 0.046875 0.0546875
 0 0.8349609375 0.4912109375 0.126953125 0.142578125
 0 0.8408203125 0.48046875 0.126953125 0.11328125