
 2 0.662109375 0.5302734375 0.02734375 0.091796875
 0 0.169921875 0.544921875 0.140625 0.1171875
 0 0.330078125 0.650390625 0.32421875 0.41015625
 4 0.28125 0.275390625 0.01953125 0.0546875
 4 0.392578125 0.287109375 0.015625 0.05859375
 1 0.53125 0.515625 0.01171875 0.0546875
 1 0.544921875 0.5166015625 0.015625 0.064453125
 1 0.5537109375 0.515625 0.013671875 0.0546875
 1 0.5634765625 0.5224609375 0.025390625 0.087890625
 4 0.5634765625 0.408203125 0.017578125 0.0546875
 0 0.791015625 0.53125 0.171875 0.09765625
 0 0.9560546875 0.5205078125 0.087890625 0.087890625