
 4 0.3017578125 0.4599609375 0.013671875 0.033203125
 0 0.3798828125 0.494140625 0.029296875 0.046875
 0 0.3798828125 0.4951171875 0.025390625 0.033203125
 3 0.4091796875 0.48046875 0.060546875 0.07421875
 3 0.4072265625 0.482421875 0.044921875 0.08203125
 0 0.447265625 0.5009765625 0.046875 0.056640625
 4 0.4482421875 0.3984375 0.017578125 0.03515625
 0 0.4931640625 0.490234375 0.033203125 0.0390625
 4 0.515625 0.4052734375 0.0234375 0.037109375
 4 0.515625 0.404296875 0.01171875 0.03125
 0 0.5615234375 0.50390625 0.044921875 0.046875
 4 0.5634765625 0.443359375 0.017578125 0.03515625
 4 0.564453125 0.4541015625 0.015625 0.029296875
 4 0.5966796875 0.44140625 0.017578125 0.02734375
 4 0.59765625 0.4365234375 0.01171875 0.037109375
 0 0.7197265625 0.541015625 0.173828125 0.20703125