
 1 0.619140625 0.517578125 0.0078125 0.0390625
 1 0.611328125 0.51953125 0.0078125 0.0390625
 1 0.6005859375 0.51953125 0.005859375 0.0390625
 1 0.1044921875 0.5498046875 0.013671875 0.052734375
 0 0.0625 0.5439453125 0.07421875 0.064453125
 0 0.21484375 0.53125 0.046875 0.05078125
 0 0.4130859375 0.560546875 0.134765625 0.171875
 0 0.50390625 0.5205078125 0.03515625 0.041015625
 0 0.5458984375 0.5126953125 0.041015625 0.068359375
 3 0.54296875 0.5146484375 0.03125 0.048828125
 0 0.6484375 0.537109375 0.0625 0.0703125
 0 0.7294921875 0.5263671875 0.060546875 0.052734375
 0 0.78125 0.525390625 0.078125 0.05859375
 0 0.8876953125 0.53125 0.029296875 0.0390625
 0 0.93359375 0.525390625 0.04296875 0.0546875