
 1 0.0126953125 0.5341796875 0.017578125 0.068359375
 1 0.0146484375 0.53125 0.013671875 0.07421875
 1 0.0380859375 0.5302734375 0.017578125 0.083984375
 1 0.04296875 0.533203125 0.015625 0.078125
 0 0.25 0.6640625 0.35546875 0.3984375
 4 0.1611328125 0.3994140625 0.013671875 0.044921875
 0 0.435546875 0.5283203125 0.046875 0.068359375
 4 0.51171875 0.3681640625 0.015625 0.056640625
 1 0.6044921875 0.537109375 0.068359375 0.24609375
 1 0.6318359375 0.5341796875 0.033203125 0.216796875
 1 0.9013671875 0.525390625 0.033203125 0.171875
 1 0.9033203125 0.525390625 0.033203125 0.17578125