
 0 0.875 0.724609375 0.25 0.55078125
 0 0.0849609375 0.58203125 0.103515625 0.12109375
 0 0.09375 0.57421875 0.078125 0.10546875
 0 0.1474609375 0.5625 0.037109375 0.0859375
 0 0.1806640625 0.5537109375 0.037109375 0.091796875
 0 0.294921875 0.546875 0.07421875 0.08203125
 0 0.3974609375 0.5341796875 0.091796875 0.080078125
 0 0.4951171875 0.548828125 0.044921875 0.10546875
 0 0.541015625 0.5498046875 0.078125 0.220703125
 0 0.548828125 0.5439453125 0.078125 0.189453125
 0 0.64453125 0.5869140625 0.22265625 0.412109375