
 0 0.0556640625 0.5615234375 0.064453125 0.052734375
 0 0.10546875 0.5537109375 0.0390625 0.048828125
 0 0.3955078125 0.5517578125 0.095703125 0.134765625
 0 0.5068359375 0.53125 0.041015625 0.0859375
 0 0.5166015625 0.53515625 0.052734375 0.078125
 0 0.5322265625 0.5546875 0.037109375 0.07421875
 0 0.57421875 0.5390625 0.10546875 0.12890625
 0 0.5595703125 0.546875 0.037109375 0.13671875
 0 0.6083984375 0.55078125 0.072265625 0.109375
 0 0.5986328125 0.5732421875 0.041015625 0.146484375
 0 0.728515625 0.5712890625 0.25 0.169921875
 0 0.736328125 0.5732421875 0.24609375 0.162109375
 1 0.7880859375 0.4716796875 0.021484375 0.052734375