
 0 0.94140625 0.556640625 0.1171875 0.13671875
 0 0.078125 0.5517578125 0.08984375 0.060546875
 0 0.23828125 0.5537109375 0.03515625 0.064453125
 0 0.2734375 0.56640625 0.09375 0.09765625
 0 0.3369140625 0.55859375 0.060546875 0.08203125
 0 0.3369140625 0.5537109375 0.056640625 0.080078125
 4 0.3544921875 0.1865234375 0.033203125 0.091796875
 4 0.3525390625 0.1806640625 0.025390625 0.076171875
 0 0.375 0.5546875 0.046875 0.05859375
 0 0.3818359375 0.5546875 0.041015625 0.07421875
 0 0.5048828125 0.5234375 0.068359375 0.12109375
 3 0.5009765625 0.5205078125 0.056640625 0.111328125
 4 0.5205078125 0.166015625 0.033203125 0.109375
 4 0.521484375 0.1611328125 0.03125 0.087890625
 0 0.5546875 0.53515625 0.04296875 0.05859375
 2 0.6455078125 0.5458984375 0.025390625 0.099609375
 4 0.779296875 0.3623046875 0.03125 0.099609375
 4 0.779296875 0.3671875 0.01953125 0.05859375