
 0 0.1826171875 0.6201171875 0.365234375 0.611328125
 4 0.3466796875 0.431640625 0.017578125 0.06640625
 0 0.4072265625 0.5888671875 0.107421875 0.236328125
 4 0.474609375 0.3544921875 0.015625 0.048828125
 0 0.509765625 0.537109375 0.03125 0.0390625
 4 0.5244140625 0.4306640625 0.017578125 0.052734375
 4 0.7060546875 0.318359375 0.041015625 0.12109375
 1 0.724609375 0.5166015625 0.015625 0.052734375
 1 0.7314453125 0.5244140625 0.021484375 0.076171875
 0 0.9033203125 0.53125 0.111328125 0.109375
 0 0.869140625 0.552734375 0.04296875 0.0703125
 0 0.9404296875 0.5390625 0.107421875 0.11328125
 0 0.9267578125 0.55078125 0.064453125 0.0859375
 0 0.974609375 0.53515625 0.046875 0.11328125