
 0 0.1552734375 0.5048828125 0.150390625 0.138671875
 0 0.25 0.486328125 0.03515625 0.08203125
 0 0.2958984375 0.494140625 0.052734375 0.05859375
 4 0.3056640625 0.2939453125 0.017578125 0.052734375
 4 0.408203125 0.3017578125 0.015625 0.048828125
 0 0.4873046875 0.5009765625 0.076171875 0.099609375
 4 0.48828125 0.294921875 0.01953125 0.05859375
 0 0.5751953125 0.4814453125 0.029296875 0.033203125
 0 0.6806640625 0.4765625 0.037109375 0.0390625
 4 0.6806640625 0.39453125 0.017578125 0.05078125
 0 0.80859375 0.48828125 0.09765625 0.06640625