
 0 0.0869140625 0.48046875 0.173828125 0.34765625
 0 0.0546875 0.5009765625 0.0625 0.103515625
 4 0.15234375 0.259765625 0.0234375 0.0625
 0 0.2421875 0.5 0.0703125 0.078125
 4 0.228515625 0.26953125 0.01953125 0.06640625
 0 0.3232421875 0.4970703125 0.146484375 0.185546875
 4 0.3515625 0.2900390625 0.01953125 0.056640625
 0 0.42578125 0.494140625 0.03515625 0.04296875
 4 0.4404296875 0.2998046875 0.033203125 0.076171875
 0 0.494140625 0.5087890625 0.08203125 0.107421875
 4 0.6240234375 0.3935546875 0.017578125 0.064453125