
 3 0.0654296875 0.5517578125 0.130859375 0.087890625
 0 0.06640625 0.5556640625 0.1328125 0.087890625
 1 0.05078125 0.57421875 0.0234375 0.0703125
 3 0.138671875 0.546875 0.0703125 0.08203125
 0 0.1396484375 0.5537109375 0.072265625 0.083984375
 4 0.1357421875 0.4306640625 0.021484375 0.068359375
 3 0.201171875 0.5439453125 0.0625 0.037109375
 0 0.2001953125 0.5615234375 0.060546875 0.052734375
 0 0.302734375 0.5693359375 0.07421875 0.080078125
 0 0.337890625 0.5625 0.03515625 0.06640625
 0 0.4931640625 0.560546875 0.029296875 0.06640625
 0 0.5146484375 0.56640625 0.060546875 0.0703125
 4 0.591796875 0.39453125 0.02734375 0.08203125
 4 0.818359375 0.4453125 0.0234375 0.0390625