
 0 0.0576171875 0.576171875 0.091796875 0.08203125
 0 0.0634765625 0.5732421875 0.072265625 0.064453125
 0 0.103515625 0.544921875 0.0625 0.04296875
 0 0.1015625 0.5478515625 0.0546875 0.044921875
 0 0.3369140625 0.5400390625 0.041015625 0.048828125
 0 0.37890625 0.5478515625 0.05859375 0.080078125
 4 0.412109375 0.4365234375 0.015625 0.037109375
 4 0.4111328125 0.4365234375 0.009765625 0.029296875
 0 0.6005859375 0.5029296875 0.072265625 0.052734375
 0 0.5966796875 0.5029296875 0.064453125 0.037109375