
 0 0.068359375 0.4697265625 0.13671875 0.369140625
 3 0.181640625 0.4306640625 0.19140625 0.267578125
 0 0.30078125 0.484375 0.09765625 0.12890625
 4 0.349609375 0.3798828125 0.01953125 0.033203125
 4 0.349609375 0.3818359375 0.015625 0.025390625
 0 0.3603515625 0.494140625 0.025390625 0.0703125
 0 0.38671875 0.4990234375 0.0234375 0.048828125
 4 0.3837890625 0.380859375 0.013671875 0.02734375
 4 0.384765625 0.3798828125 0.015625 0.025390625
 0 0.4130859375 0.4951171875 0.060546875 0.080078125
 4 0.4375 0.3779296875 0.015625 0.029296875
 4 0.439453125 0.375 0.015625 0.02734375
 0 0.4638671875 0.4794921875 0.021484375 0.052734375
 4 0.4765625 0.3759765625 0.01953125 0.037109375
 0 0.5048828125 0.5 0.068359375 0.09375
 4 0.4794921875 0.3779296875 0.013671875 0.029296875
 4 0.5595703125 0.4169921875 0.013671875 0.025390625
 0 0.71484375 0.4638671875 0.078125 0.068359375
 4 0.712890625 0.36328125 0.0234375 0.03515625
 0 0.8623046875 0.4541015625 0.080078125 0.056640625