
 1 0.416015625 0.5185546875 0.0078125 0.052734375
 1 0.43359375 0.5244140625 0.0078125 0.044921875
 1 0.447265625 0.5224609375 0.01171875 0.044921875
 1 0.478515625 0.5146484375 0.015625 0.056640625
 1 0.1533203125 0.5302734375 0.029296875 0.095703125
 1 0.1904296875 0.529296875 0.029296875 0.09375
 1 0.1923828125 0.5283203125 0.025390625 0.103515625
 1 0.271484375 0.546875 0.0390625 0.1328125
 0 0.28515625 0.54296875 0.02734375 0.1171875
 1 0.2861328125 0.544921875 0.021484375 0.12890625
 0 0.3642578125 0.5224609375 0.111328125 0.068359375
 0 0.361328125 0.521484375 0.1015625 0.0546875
 0 0.5556640625 0.5126953125 0.142578125 0.091796875
 1 0.5341796875 0.5478515625 0.029296875 0.123046875
 1 0.5771484375 0.533203125 0.033203125 0.14453125
 0 0.6162109375 0.50390625 0.099609375 0.07421875
 0 0.6591796875 0.501953125 0.103515625 0.078125
 0 0.6865234375 0.4970703125 0.052734375 0.076171875
 1 0.9287109375 0.5927734375 0.052734375 0.458984375