
 0 0.125 0.5400390625 0.0546875 0.060546875
 0 0.1591796875 0.5361328125 0.044921875 0.060546875
 0 0.251953125 0.5263671875 0.03515625 0.029296875
 0 0.3603515625 0.5791015625 0.216796875 0.287109375
 0 0.4560546875 0.5419921875 0.041015625 0.111328125
 0 0.509765625 0.5234375 0.04296875 0.05859375
 0 0.5068359375 0.5234375 0.037109375 0.0546875
 1 0.501953125 0.5234375 0.0234375 0.078125
 1 0.5029296875 0.5263671875 0.017578125 0.072265625
 0 0.6123046875 0.5068359375 0.056640625 0.064453125
 0 0.8212890625 0.564453125 0.291015625 0.27734375
 0 0.9111328125 0.63671875 0.173828125 0.51171875