
 0 0.1201171875 0.5224609375 0.076171875 0.068359375
 0 0.1669921875 0.5185546875 0.044921875 0.060546875
 0 0.1708984375 0.5205078125 0.029296875 0.052734375
 0 0.2060546875 0.51171875 0.033203125 0.05859375
 0 0.240234375 0.505859375 0.03125 0.05859375
 0 0.2998046875 0.50390625 0.033203125 0.0390625
 4 0.5126953125 0.42578125 0.017578125 0.0390625
 4 0.5302734375 0.453125 0.013671875 0.03515625
 None 0.5302734375 0.4560546875 0.013671875 0.021484375
 4 0.5556640625 0.4384765625 0.013671875 0.044921875
 None 0.5576171875 0.4423828125 0.017578125 0.029296875
 0 0.576171875 0.5 0.02734375 0.05859375
 0 0.6240234375 0.5068359375 0.056640625 0.068359375