
 0 0.1953125 0.5380859375 0.02734375 0.037109375
 0 0.0908203125 0.5419921875 0.052734375 0.041015625
 0 0.1572265625 0.533203125 0.044921875 0.0390625
 0 0.26953125 0.5517578125 0.09765625 0.087890625
 0 0.3076171875 0.5361328125 0.029296875 0.041015625
 0 0.3935546875 0.580078125 0.146484375 0.1953125
 4 0.375 0.388671875 0.015625 0.04296875
 4 0.4228515625 0.416015625 0.017578125 0.03125
 0 0.46875 0.5283203125 0.02734375 0.064453125
 0 0.4931640625 0.5361328125 0.048828125 0.056640625
 0 0.5126953125 0.5458984375 0.033203125 0.095703125
 0 0.591796875 0.544921875 0.125 0.1640625
 4 0.5458984375 0.3662109375 0.017578125 0.044921875
 1 0.6611328125 0.5341796875 0.017578125 0.060546875
 1 0.703125 0.5341796875 0.01953125 0.056640625
 4 0.7236328125 0.47265625 0.013671875 0.03125
 0 0.8505859375 0.591796875 0.228515625 0.1953125