
 0 0.0234375 0.5205078125 0.046875 0.083984375
 0 0.8876953125 0.607421875 0.224609375 0.5234375
 0 0.1982421875 0.5029296875 0.072265625 0.083984375
 0 0.2705078125 0.494140625 0.048828125 0.0625
 0 0.349609375 0.4951171875 0.0390625 0.044921875
 0 0.4140625 0.4970703125 0.07421875 0.095703125
 0 0.55859375 0.4951171875 0.04296875 0.056640625
 0 0.66796875 0.529296875 0.03515625 0.16015625
 0 0.77734375 0.5283203125 0.21484375 0.271484375
 0 0.7265625 0.5458984375 0.1015625 0.306640625