
 0 0.9541015625 0.6396484375 0.091796875 0.275390625
 0 0.0859375 0.556640625 0.09765625 0.109375
 0 0.1494140625 0.5595703125 0.060546875 0.083984375
 0 0.1533203125 0.5537109375 0.056640625 0.083984375
 0 0.185546875 0.537109375 0.08203125 0.0703125
 1 0.1826171875 0.53515625 0.025390625 0.08203125
 1 0.1884765625 0.5380859375 0.021484375 0.072265625
 0 0.259765625 0.5341796875 0.078125 0.048828125
 0 0.369140625 0.55078125 0.14453125 0.23046875
 0 0.5126953125 0.5146484375 0.037109375 0.056640625
 0 0.8427734375 0.572265625 0.228515625 0.21484375