
 0 0.900390625 0.6669921875 0.19921875 0.431640625
 0 0.0224609375 0.59375 0.044921875 0.11328125
 0 0.0400390625 0.533203125 0.080078125 0.05859375
 0 0.26171875 0.5439453125 0.11328125 0.080078125
 0 0.3046875 0.51171875 0.0546875 0.046875
 0 0.4326171875 0.541015625 0.072265625 0.1015625
 1 0.4482421875 0.5048828125 0.009765625 0.037109375
 1 0.4599609375 0.5205078125 0.009765625 0.060546875
 0 0.619140625 0.546875 0.0859375 0.21484375
 0 0.77734375 0.5888671875 0.2890625 0.251953125