
 0 0.048828125 0.572265625 0.09765625 0.11328125
 0 0.13671875 0.5390625 0.078125 0.1171875
 0 0.248046875 0.537109375 0.05859375 0.0703125
 0 0.2490234375 0.5380859375 0.060546875 0.060546875
 0 0.283203125 0.537109375 0.02734375 0.0546875
 0 0.333984375 0.517578125 0.04296875 0.0546875
 0 0.42578125 0.525390625 0.04296875 0.0625
 0 0.4287109375 0.5244140625 0.044921875 0.048828125
 0 0.5322265625 0.525390625 0.060546875 0.078125
 0 0.6435546875 0.5576171875 0.130859375 0.154296875
 0 0.7490234375 0.51953125 0.107421875 0.08203125