
 0 0.1337890625 0.552734375 0.154296875 0.1171875
 0 0.3330078125 0.533203125 0.123046875 0.09375
 4 0.421875 0.3193359375 0.01953125 0.060546875
 4 0.498046875 0.3173828125 0.0234375 0.064453125
 0 0.525390625 0.5263671875 0.046875 0.064453125
 3 0.5341796875 0.4794921875 0.044921875 0.083984375
 3 0.53515625 0.482421875 0.04296875 0.0859375
 4 0.64453125 0.4140625 0.02734375 0.0703125
 2 0.8154296875 0.513671875 0.052734375 0.08203125
 2 0.8125 0.5126953125 0.04296875 0.083984375
 0 0.94140625 0.712890625 0.109375 0.5078125
 0 0.9453125 0.5166015625 0.08203125 0.083984375