
 0 0.2080078125 0.5595703125 0.236328125 0.212890625
 4 0.310546875 0.3115234375 0.015625 0.052734375
 0 0.34765625 0.4921875 0.0703125 0.09375
 0 0.4140625 0.498046875 0.06640625 0.0625
 4 0.4052734375 0.31640625 0.013671875 0.046875
 4 0.4716796875 0.3291015625 0.021484375 0.048828125
 0 0.4970703125 0.4892578125 0.033203125 0.041015625
 3 0.5361328125 0.470703125 0.033203125 0.05859375
 4 0.6064453125 0.4072265625 0.017578125 0.052734375
 4 0.60546875 0.41015625 0.015625 0.03515625
 0 0.6572265625 0.5126953125 0.095703125 0.099609375
 4 0.6826171875 0.3671875 0.021484375 0.06640625
 4 0.6845703125 0.3603515625 0.017578125 0.052734375
 0 0.771484375 0.5517578125 0.1875 0.201171875