
 0 0.0712890625 0.62109375 0.142578125 0.203125
 0 0.279296875 0.556640625 0.078125 0.10546875
 0 0.330078125 0.544921875 0.0390625 0.06640625
 0 0.33203125 0.54296875 0.04296875 0.05859375
 0 0.3662109375 0.53515625 0.037109375 0.0546875
 0 0.3896484375 0.53125 0.029296875 0.0390625
 0 0.4150390625 0.5341796875 0.017578125 0.021484375
 0 0.4248046875 0.53125 0.017578125 0.02734375
 0 0.482421875 0.5263671875 0.04296875 0.060546875
 0 0.6728515625 0.5 0.134765625 0.0859375
 0 0.8544921875 0.5283203125 0.244140625 0.126953125