
 0 0.1533203125 0.494140625 0.080078125 0.08203125
 0 0.0498046875 0.5322265625 0.099609375 0.212890625
 0 0.2568359375 0.4931640625 0.068359375 0.072265625
 4 0.2646484375 0.2568359375 0.025390625 0.064453125
 4 0.267578125 0.267578125 0.01953125 0.0703125
 4 0.3916015625 0.2646484375 0.025390625 0.060546875
 0 0.4853515625 0.5126953125 0.076171875 0.099609375
 4 0.486328125 0.265625 0.01953125 0.05859375
 0 0.58203125 0.4873046875 0.02734375 0.044921875
 0 0.6943359375 0.490234375 0.056640625 0.0546875
 0 0.7021484375 0.486328125 0.037109375 0.0390625
 4 0.7080078125 0.3876953125 0.029296875 0.083984375
 4 0.7119140625 0.39453125 0.017578125 0.05078125
 0 0.8544921875 0.4892578125 0.123046875 0.064453125