
 0 0.123046875 0.4931640625 0.24609375 0.677734375
 3 0.1279296875 0.484375 0.248046875 0.6171875
 0 0.3291015625 0.5 0.052734375 0.0703125
 0 0.4931640625 0.623046875 0.333984375 0.42578125
 4 0.3515625 0.3017578125 0.01953125 0.068359375
 4 0.474609375 0.2392578125 0.0234375 0.064453125
 0 0.7119140625 0.501953125 0.158203125 0.109375
 0 0.7197265625 0.5009765625 0.162109375 0.076171875
 4 0.650390625 0.3720703125 0.01953125 0.048828125
 0 0.857421875 0.5908203125 0.28125 0.345703125
 4 0.9873046875 0.23046875 0.021484375 0.109375