
 0 0.1767578125 0.4775390625 0.041015625 0.052734375
 0 0.240234375 0.513671875 0.140625 0.125
 0 0.3896484375 0.501953125 0.103515625 0.08203125
 0 0.3896484375 0.5 0.099609375 0.078125
 0 0.52734375 0.482421875 0.03515625 0.046875
 4 0.576171875 0.0380859375 0.03515625 0.076171875
 4 0.576171875 0.357421875 0.015625 0.046875
 4 0.66015625 0.349609375 0.015625 0.0390625
 4 0.7333984375 0.404296875 0.013671875 0.04296875
 4 0.7333984375 0.400390625 0.013671875 0.02734375
 4 0.7919921875 0.078125 0.021484375 0.078125
 1 0.8017578125 0.46484375 0.025390625 0.08984375
 1 0.806640625 0.474609375 0.01953125 0.05859375
 1 0.95703125 0.474609375 0.03125 0.15625
 2 0.9658203125 0.4833984375 0.025390625 0.103515625
 1 0.9912109375 0.482421875 0.013671875 0.1328125
 1 0.9921875 0.4814453125 0.01171875 0.083984375