
 0 0.8583984375 0.576171875 0.283203125 0.25390625
 0 0.3828125 0.48828125 0.03125 0.04296875
 4 0.412109375 0.3994140625 0.015625 0.025390625
 0 0.4482421875 0.490234375 0.033203125 0.046875
 4 0.4560546875 0.41015625 0.013671875 0.0234375
 0 0.4912109375 0.4833984375 0.033203125 0.037109375
 4 0.48828125 0.4150390625 0.01171875 0.025390625
 4 0.544921875 0.4521484375 0.01171875 0.029296875
 4 0.5869140625 0.435546875 0.017578125 0.03125
 0 0.6328125 0.51171875 0.04296875 0.1328125
 0 0.71875 0.517578125 0.14453125 0.17578125