
 0 0.0615234375 0.5439453125 0.123046875 0.095703125
 0 0.2607421875 0.505859375 0.076171875 0.05078125
 0 0.263671875 0.5087890625 0.0625 0.052734375
 0 0.5185546875 0.4833984375 0.080078125 0.134765625
 3 0.521484375 0.4912109375 0.06640625 0.130859375
 0 0.568359375 0.5009765625 0.0390625 0.060546875
 0 0.6318359375 0.494140625 0.037109375 0.046875
 0 0.685546875 0.4951171875 0.03125 0.044921875
 0 0.748046875 0.494140625 0.0546875 0.046875
 0 0.892578125 0.4736328125 0.1484375 0.072265625