
 0 0.1708984375 0.5244140625 0.091796875 0.060546875
 0 0.2529296875 0.5341796875 0.103515625 0.146484375
 0 0.349609375 0.5263671875 0.046875 0.072265625
 0 0.3896484375 0.521484375 0.021484375 0.03125
 3 0.41796875 0.5107421875 0.03125 0.060546875
 0 0.42578125 0.5283203125 0.02734375 0.044921875
 1 0.5791015625 0.513671875 0.017578125 0.0546875
 1 0.578125 0.5107421875 0.015625 0.052734375
 1 0.595703125 0.509765625 0.01953125 0.0546875
 1 0.5966796875 0.5146484375 0.017578125 0.080078125