
 3 0.1650390625 0.509765625 0.111328125 0.11328125
 0 0.1923828125 0.537109375 0.048828125 0.05859375
 0 0.201171875 0.537109375 0.0546875 0.06640625
 0 0.2626953125 0.5439453125 0.099609375 0.111328125
 0 0.326171875 0.52734375 0.03125 0.03515625
 0 0.3251953125 0.529296875 0.025390625 0.02734375
 0 0.3935546875 0.5458984375 0.083984375 0.111328125
 4 0.365234375 0.3173828125 0.015625 0.044921875
 3 0.5029296875 0.4765625 0.111328125 0.09375
 4 0.458984375 0.3359375 0.015625 0.046875
 4 0.4580078125 0.337890625 0.013671875 0.046875
 0 0.5888671875 0.529296875 0.130859375 0.1796875
 0 0.572265625 0.5263671875 0.08203125 0.177734375
 4 0.58203125 0.4150390625 0.01171875 0.025390625
 4 0.583984375 0.412109375 0.01171875 0.0234375
 0 0.7177734375 0.5771484375 0.224609375 0.255859375
 4 0.7763671875 0.30859375 0.021484375 0.078125
 4 0.7783203125 0.3125 0.021484375 0.08984375
 1 0.8916015625 0.5048828125 0.041015625 0.126953125
 1 0.8916015625 0.5068359375 0.037109375 0.115234375