
 3 0.048828125 0.478515625 0.09765625 0.10546875
 0 0.044921875 0.5302734375 0.08984375 0.068359375
 0 0.0478515625 0.537109375 0.095703125 0.07421875
 0 0.1865234375 0.533203125 0.099609375 0.0625
 0 0.2177734375 0.5146484375 0.052734375 0.033203125
 4 0.2626953125 0.43359375 0.017578125 0.046875
 0 0.3349609375 0.5380859375 0.095703125 0.115234375
 0 0.3837890625 0.5263671875 0.044921875 0.064453125
 0 0.43359375 0.552734375 0.08984375 0.12109375
 4 0.4853515625 0.34375 0.017578125 0.04296875
 4 0.4853515625 0.341796875 0.013671875 0.0390625
 0 0.5908203125 0.5322265625 0.103515625 0.162109375
 4 0.55078125 0.33984375 0.015625 0.0390625
 0 0.5947265625 0.50390625 0.048828125 0.05078125
 0 0.642578125 0.513671875 0.03125 0.0625
 4 0.65625 0.41015625 0.01171875 0.03515625
 0 0.7021484375 0.50390625 0.068359375 0.05078125
 4 0.693359375 0.3662109375 0.0234375 0.076171875
 1 0.7197265625 0.5009765625 0.017578125 0.076171875
 1 0.7216796875 0.501953125 0.017578125 0.078125