
 1 0.9794921875 0.482421875 0.041015625 0.15625
 1 0.0615234375 0.51953125 0.017578125 0.06640625
 1 0.0634765625 0.525390625 0.017578125 0.07421875
 1 0.0712890625 0.53515625 0.009765625 0.05859375
 1 0.0751953125 0.52734375 0.009765625 0.04296875
 1 0.0830078125 0.525390625 0.013671875 0.05078125
 1 0.1015625 0.5205078125 0.015625 0.037109375
 1 0.25390625 0.513671875 0.01171875 0.04296875
 3 0.2919921875 0.501953125 0.037109375 0.04296875
 1 0.291015625 0.5205078125 0.0078125 0.037109375
 0 0.392578125 0.5263671875 0.05078125 0.041015625