
 0 0.9580078125 0.5576171875 0.083984375 0.154296875
 1 0.083984375 0.5380859375 0.01953125 0.076171875
 2 0.0234375 0.5400390625 0.046875 0.091796875
 0 0.17578125 0.5205078125 0.078125 0.076171875
 1 0.185546875 0.59765625 0.09375 0.37109375
 0 0.2451171875 0.505859375 0.060546875 0.046875
 0 0.2421875 0.5244140625 0.0546875 0.041015625
 1 0.232421875 0.5244140625 0.015625 0.076171875
 1 0.265625 0.509765625 0.01953125 0.078125
 1 0.2802734375 0.5146484375 0.021484375 0.068359375
 1 0.28515625 0.513671875 0.0234375 0.07421875
 0 0.3271484375 0.4716796875 0.099609375 0.154296875
 3 0.328125 0.470703125 0.1015625 0.13671875
 1 0.31640625 0.509765625 0.01953125 0.078125
 1 0.314453125 0.51171875 0.015625 0.0625
 1 0.326171875 0.51171875 0.01171875 0.06640625
 1 0.3408203125 0.5087890625 0.017578125 0.068359375
 4 0.44921875 0.3193359375 0.01953125 0.052734375
 4 0.5205078125 0.3232421875 0.021484375 0.068359375
 0 0.5478515625 0.5126953125 0.041015625 0.056640625
 4 0.65625 0.4072265625 0.01953125 0.060546875
 0 0.767578125 0.515625 0.10546875 0.07421875