
 0 0.9599609375 0.5751953125 0.080078125 0.251953125
 3 0.2861328125 0.439453125 0.486328125 0.4609375
 3 0.2880859375 0.44921875 0.458984375 0.4296875
 3 0.5380859375 0.4921875 0.158203125 0.2109375
 3 0.5634765625 0.494140625 0.119140625 0.2265625
 0 0.6533203125 0.537109375 0.087890625 0.08203125
 0 0.658203125 0.533203125 0.09765625 0.078125
 0 0.7294921875 0.5185546875 0.037109375 0.060546875
 0 0.7548828125 0.51171875 0.044921875 0.07421875
 0 0.822265625 0.51171875 0.03125 0.04296875