
 3 0.0625 0.51953125 0.125 0.08203125
 1 0.087890625 0.54296875 0.02734375 0.078125
 1 0.0869140625 0.5498046875 0.021484375 0.083984375
 1 0.1806640625 0.5341796875 0.021484375 0.080078125
 4 0.353515625 0.1787109375 0.03515625 0.083984375
 0 0.541015625 0.525390625 0.1171875 0.08203125
 4 0.603515625 0.3466796875 0.02734375 0.087890625
 4 0.60546875 0.337890625 0.015625 0.0625
 1 0.6630859375 0.5205078125 0.029296875 0.123046875
 1 0.744140625 0.5166015625 0.02734375 0.130859375
 1 0.828125 0.537109375 0.046875 0.171875
 1 0.8251953125 0.53515625 0.033203125 0.17578125
 1 0.93359375 0.5224609375 0.0625 0.212890625