
 0 0.1767578125 0.486328125 0.072265625 0.05859375
 4 0.26953125 0.45703125 0.01953125 0.0390625
 0 0.3544921875 0.501953125 0.033203125 0.046875
 0 0.3583984375 0.5009765625 0.029296875 0.037109375
 3 0.392578125 0.4853515625 0.05859375 0.072265625
 3 0.39453125 0.484375 0.0546875 0.09375
 0 0.4443359375 0.5029296875 0.048828125 0.056640625
 4 0.4423828125 0.3896484375 0.017578125 0.037109375
 0 0.4912109375 0.4921875 0.033203125 0.0390625
 4 0.51953125 0.3994140625 0.0234375 0.037109375
 4 0.51953125 0.390625 0.01171875 0.03125
 0 0.5712890625 0.501953125 0.056640625 0.0546875
 4 0.5732421875 0.439453125 0.017578125 0.03515625
 4 0.57421875 0.4462890625 0.015625 0.029296875
 4 0.6220703125 0.431640625 0.017578125 0.02734375
 4 0.6240234375 0.4228515625 0.009765625 0.037109375
 0 0.7421875 0.5478515625 0.203125 0.255859375