
 0 0.0166015625 0.58984375 0.033203125 0.10546875
 0 0.8603515625 0.623046875 0.279296875 0.37890625
 0 0.0380859375 0.568359375 0.060546875 0.0703125
 0 0.08203125 0.552734375 0.0546875 0.08984375
 0 0.2265625 0.5517578125 0.046875 0.044921875
 0 0.337890625 0.54296875 0.109375 0.15234375
 0 0.40234375 0.54296875 0.02734375 0.06640625
 0 0.423828125 0.5439453125 0.03125 0.060546875
 0 0.4462890625 0.529296875 0.025390625 0.08984375
 0 0.4677734375 0.52734375 0.037109375 0.07421875
 0 0.4697265625 0.525390625 0.037109375 0.07421875
 0 0.4853515625 0.53515625 0.041015625 0.10546875
 0 0.4853515625 0.54296875 0.037109375 0.08203125
 0 0.5546875 0.53515625 0.125 0.14453125
 0 0.560546875 0.5341796875 0.12890625 0.123046875
 0 0.6455078125 0.55859375 0.130859375 0.171875
 0 0.7470703125 0.5732421875 0.134765625 0.224609375