
 0 0.28515625 0.5751953125 0.05859375 0.072265625
 0 0.2890625 0.5771484375 0.05078125 0.060546875
 0 0.328125 0.5634765625 0.02734375 0.041015625
 0 0.3525390625 0.5595703125 0.029296875 0.041015625
 4 0.4716796875 0.4033203125 0.013671875 0.041015625
 4 0.4716796875 0.408203125 0.013671875 0.03125
 0 0.5078125 0.5478515625 0.0625 0.064453125
 4 0.5400390625 0.419921875 0.017578125 0.03515625
 4 0.5390625 0.4228515625 0.0078125 0.033203125
 4 0.6201171875 0.482421875 0.009765625 0.03125
 4 0.640625 0.4697265625 0.01171875 0.033203125
 2 0.75 0.572265625 0.0546875 0.265625