
 0 0.9248046875 0.6162109375 0.150390625 0.353515625
 4 0.2021484375 0.43359375 0.013671875 0.0390625
 4 0.203125 0.4462890625 0.015625 0.041015625
 0 0.2392578125 0.546875 0.052734375 0.0625
 0 0.267578125 0.5478515625 0.01953125 0.041015625
 0 0.3251953125 0.5419921875 0.052734375 0.087890625
 0 0.3916015625 0.568359375 0.126953125 0.1875
 4 0.4814453125 0.42578125 0.021484375 0.05859375
 0 0.7939453125 0.580078125 0.158203125 0.28125
 1 0.732421875 0.478515625 0.03515625 0.0859375
 1 0.736328125 0.4814453125 0.04296875 0.064453125