
 0 0.048828125 0.5087890625 0.09765625 0.107421875
 1 0.1884765625 0.4970703125 0.029296875 0.076171875
 1 0.1943359375 0.4833984375 0.017578125 0.068359375
 4 0.2861328125 0.3779296875 0.025390625 0.076171875
 4 0.283203125 0.3759765625 0.01953125 0.052734375
 1 0.451171875 0.482421875 0.03515625 0.0859375
 1 0.5087890625 0.4833984375 0.017578125 0.052734375
 1 0.5107421875 0.48828125 0.021484375 0.05859375
 0 0.5341796875 0.4873046875 0.017578125 0.056640625
 0 0.556640625 0.48828125 0.03125 0.05078125
 4 0.5693359375 0.3662109375 0.017578125 0.068359375
 1 0.662109375 0.466796875 0.0234375 0.07421875
 1 0.8525390625 0.46875 0.048828125 0.12890625
 1 0.85546875 0.458984375 0.03515625 0.09765625