
 0 0.1494140625 0.5888671875 0.298828125 0.341796875
 3 0.2783203125 0.4716796875 0.068359375 0.115234375
 0 0.349609375 0.486328125 0.0703125 0.09375
 4 0.35546875 0.337890625 0.015625 0.0546875
 0 0.41015625 0.5029296875 0.06640625 0.060546875
 4 0.4404296875 0.3515625 0.013671875 0.046875
 0 0.455078125 0.49609375 0.04296875 0.0625
 0 0.48046875 0.4912109375 0.02734375 0.052734375
 4 0.4921875 0.3505859375 0.015625 0.037109375
 0 0.5166015625 0.4892578125 0.033203125 0.041015625
 3 0.5478515625 0.470703125 0.029296875 0.046875
 4 0.6025390625 0.4189453125 0.017578125 0.044921875
 4 0.603515625 0.4228515625 0.015625 0.037109375
 0 0.6552734375 0.5224609375 0.080078125 0.111328125
 4 0.6494140625 0.3994140625 0.021484375 0.052734375
 4 0.650390625 0.3896484375 0.015625 0.052734375
 0 0.740234375 0.4853515625 0.0859375 0.048828125