
 0 0.06640625 0.5888671875 0.12109375 0.130859375
 0 0.1484375 0.5654296875 0.0546875 0.087890625
 0 0.185546875 0.552734375 0.046875 0.06640625
 0 0.189453125 0.5654296875 0.02734375 0.076171875
 0 0.2587890625 0.5390625 0.044921875 0.046875
 0 0.3466796875 0.556640625 0.138671875 0.1953125
 0 0.4296875 0.5302734375 0.03125 0.064453125
 0 0.4287109375 0.53125 0.029296875 0.05078125
 0 0.5390625 0.548828125 0.10546875 0.1171875
 1 0.708984375 0.5380859375 0.03515625 0.138671875
 1 0.7099609375 0.541015625 0.033203125 0.15625
 0 0.873046875 0.7158203125 0.25 0.466796875
 0 0.8740234375 0.7353515625 0.248046875 0.521484375
 1 0.7734375 0.5263671875 0.03125 0.169921875
 1 0.7724609375 0.525390625 0.025390625 0.17578125