
 0 0.8935546875 0.646484375 0.212890625 0.625
 0 0.1572265625 0.564453125 0.115234375 0.12109375
 0 0.16015625 0.564453125 0.1171875 0.1171875
 0 0.279296875 0.5498046875 0.06640625 0.072265625
 0 0.283203125 0.55078125 0.0625 0.0625
 0 0.3525390625 0.52734375 0.041015625 0.05078125
 0 0.453125 0.5283203125 0.04296875 0.044921875
 0 0.5234375 0.5302734375 0.03125 0.064453125
 0 0.5478515625 0.53125 0.037109375 0.09375
 0 0.591796875 0.5390625 0.0859375 0.10546875
 0 0.5947265625 0.5419921875 0.083984375 0.119140625
 0 0.779296875 0.505859375 0.0625 0.046875