
 0 0.0947265625 0.560546875 0.056640625 0.046875
 0 0.1044921875 0.5712890625 0.048828125 0.044921875
 0 0.1396484375 0.564453125 0.068359375 0.0703125
 0 0.322265625 0.54296875 0.05859375 0.06640625
 0 0.4033203125 0.5341796875 0.033203125 0.041015625
 1 0.552734375 0.494140625 0.0234375 0.046875
 1 0.5615234375 0.537109375 0.033203125 0.0859375
 1 0.556640625 0.53515625 0.01953125 0.0625
 1 0.625 0.5224609375 0.04296875 0.123046875
 1 0.619140625 0.51953125 0.02734375 0.1015625
 1 0.646484375 0.51953125 0.02734375 0.10546875
 1 0.6455078125 0.525390625 0.025390625 0.09375
 0 0.71484375 0.5146484375 0.109375 0.111328125
 0 0.7216796875 0.48828125 0.123046875 0.16015625