
 0 0.935546875 0.6044921875 0.12890625 0.439453125
 0 0.015625 0.580078125 0.03125 0.078125
 0 0.0361328125 0.572265625 0.041015625 0.078125
 0 0.1689453125 0.556640625 0.056640625 0.06640625
 0 0.2919921875 0.55859375 0.115234375 0.16015625
 0 0.4150390625 0.5478515625 0.029296875 0.107421875
 0 0.4482421875 0.548828125 0.060546875 0.12109375
 0 0.490234375 0.5576171875 0.0625 0.142578125
 0 0.5537109375 0.56640625 0.091796875 0.1484375
 0 0.6162109375 0.583984375 0.134765625 0.1953125
 0 0.7666015625 0.599609375 0.205078125 0.265625