
 0 0.83984375 0.5341796875 0.31640625 0.333984375
 0 0.0771484375 0.515625 0.048828125 0.0546875
 0 0.1220703125 0.5087890625 0.029296875 0.056640625
 0 0.1533203125 0.509765625 0.052734375 0.0625
 0 0.158203125 0.505859375 0.05078125 0.05859375
 0 0.2099609375 0.5029296875 0.033203125 0.052734375
 0 0.2802734375 0.5078125 0.099609375 0.13671875
 0 0.3544921875 0.5029296875 0.021484375 0.037109375
 0 0.4150390625 0.501953125 0.044921875 0.05078125
 0 0.431640625 0.5068359375 0.01953125 0.056640625
 0 0.4443359375 0.5087890625 0.017578125 0.060546875
 0 0.4853515625 0.505859375 0.060546875 0.0546875