
 4 0.388671875 0.3564453125 0.03125 0.107421875
 4 0.3876953125 0.3525390625 0.021484375 0.068359375
 4 0.5068359375 0.4716796875 0.021484375 0.076171875
 4 0.5107421875 0.4638671875 0.013671875 0.044921875
 1 0.6142578125 0.56640625 0.021484375 0.08203125
 1 0.7060546875 0.560546875 0.044921875 0.11328125
 1 0.69921875 0.5595703125 0.0234375 0.083984375
 0 0.8564453125 0.5458984375 0.107421875 0.099609375
 0 0.9482421875 0.5244140625 0.103515625 0.126953125
 2 0.9619140625 0.66015625 0.076171875 0.62890625
 2 0.96484375 0.6845703125 0.0625 0.587890625