
 2 0.3876953125 0.4814453125 0.005859375 0.029296875
 0 0.2353515625 0.474609375 0.056640625 0.03515625
 0 0.41015625 0.4736328125 0.02734375 0.037109375
 0 0.4267578125 0.48046875 0.013671875 0.03125
 0 0.4462890625 0.484375 0.021484375 0.04296875
 4 0.509765625 0.400390625 0.01171875 0.03125
 4 0.544921875 0.4033203125 0.01171875 0.029296875
 4 0.6103515625 0.4375 0.009765625 0.02734375
 4 0.626953125 0.4208984375 0.01171875 0.025390625
 4 0.6279296875 0.431640625 0.013671875 0.0390625
 0 0.6728515625 0.484375 0.044921875 0.03125