
 0 0.107421875 0.603515625 0.21484375 0.23046875
 3 0.244140625 0.4794921875 0.16796875 0.255859375
 0 0.3408203125 0.537109375 0.037109375 0.0703125
 0 0.3427734375 0.5341796875 0.037109375 0.080078125
 0 0.416015625 0.5283203125 0.09765625 0.142578125
 4 0.384765625 0.373046875 0.015625 0.0390625
 4 0.4541015625 0.3720703125 0.009765625 0.037109375
 4 0.4599609375 0.375 0.017578125 0.046875
 3 0.56640625 0.4716796875 0.14453125 0.240234375
 0 0.6767578125 0.5546875 0.185546875 0.19140625
 0 0.76171875 0.470703125 0.10546875 0.078125
 0 0.7685546875 0.474609375 0.103515625 0.07421875