
 0 0.037109375 0.537109375 0.07421875 0.09765625
 0 0.14453125 0.5498046875 0.0390625 0.041015625
 0 0.236328125 0.5283203125 0.04296875 0.044921875
 0 0.240234375 0.5341796875 0.05078125 0.048828125
 4 0.2265625 0.4814453125 0.0078125 0.025390625
 0 0.3046875 0.5234375 0.01953125 0.02734375
 0 0.3251953125 0.52734375 0.041015625 0.05859375
 4 0.34375 0.427734375 0.01171875 0.02734375
 0 0.3759765625 0.5322265625 0.044921875 0.064453125
 0 0.39453125 0.5107421875 0.02734375 0.033203125
 4 0.3916015625 0.423828125 0.009765625 0.02734375
 0 0.427734375 0.53125 0.0625 0.0859375
 4 0.4716796875 0.466796875 0.009765625 0.03125
 0 0.5390625 0.50390625 0.04296875 0.04296875
 0 0.74609375 0.4794921875 0.04296875 0.033203125