
 1 0.0244140625 0.5537109375 0.021484375 0.103515625
 1 0.0478515625 0.552734375 0.025390625 0.109375
 1 0.6357421875 0.50390625 0.021484375 0.08984375
 1 0.8544921875 0.4833984375 0.033203125 0.142578125
 1 0.9794921875 0.6357421875 0.041015625 0.728515625
 1 0.9384765625 0.49609375 0.068359375 0.20703125
 1 0.0869140625 0.5625 0.033203125 0.12890625
 4 0.0166015625 0.3544921875 0.033203125 0.095703125
 1 0.1328125 0.548828125 0.04296875 0.12109375
 1 0.3017578125 0.607421875 0.275390625 0.67578125
 0 0.4013671875 0.5263671875 0.048828125 0.072265625
 4 0.521484375 0.3193359375 0.0390625 0.107421875
 1 0.5859375 0.5048828125 0.0390625 0.123046875
 1 0.974609375 0.45703125 0.046875 0.23046875