
 0 0.787109375 0.5009765625 0.06640625 0.056640625
 0 0.0380859375 0.5927734375 0.072265625 0.095703125
 0 0.1240234375 0.57421875 0.076171875 0.0703125
 0 0.197265625 0.5537109375 0.05859375 0.076171875
 0 0.2373046875 0.5556640625 0.033203125 0.048828125
 0 0.279296875 0.5400390625 0.07421875 0.083984375
 4 0.2568359375 0.337890625 0.025390625 0.0546875
 0 0.3955078125 0.56640625 0.158203125 0.21484375
 4 0.3291015625 0.3154296875 0.017578125 0.052734375
 4 0.400390625 0.3310546875 0.015625 0.052734375
 4 0.5185546875 0.42578125 0.013671875 0.04296875
 0 0.6123046875 0.5185546875 0.048828125 0.068359375
 0 0.6884765625 0.5322265625 0.130859375 0.111328125
 4 0.7578125 0.1689453125 0.06640625 0.177734375