
 0 0.9052734375 0.5205078125 0.189453125 0.197265625
 1 0.203125 0.5283203125 0.01953125 0.076171875
 1 0.1630859375 0.53515625 0.021484375 0.07421875
 1 0.1044921875 0.5380859375 0.017578125 0.072265625
 1 0.083984375 0.541015625 0.015625 0.07421875
 1 0.046875 0.5419921875 0.015625 0.072265625
 4 0.056640625 0.435546875 0.015625 0.046875
 2 0.125 0.5380859375 0.04296875 0.083984375
 0 0.1728515625 0.525390625 0.087890625 0.07421875
 1 0.16796875 0.51953125 0.01171875 0.06640625
 0 0.24609375 0.515625 0.0625 0.05859375
 0 0.244140625 0.5341796875 0.05859375 0.044921875
 1 0.28515625 0.513671875 0.0234375 0.07421875
 3 0.330078125 0.48046875 0.09765625 0.14453125
 4 0.44921875 0.3203125 0.01953125 0.0546875
 4 0.5205078125 0.3251953125 0.021484375 0.068359375
 0 0.595703125 0.525390625 0.109375 0.078125
 4 0.658203125 0.4072265625 0.01953125 0.060546875