
 0 0.0380859375 0.5185546875 0.076171875 0.076171875
 0 0.1669921875 0.5087890625 0.064453125 0.041015625
 0 0.166015625 0.51171875 0.05859375 0.0390625
 3 0.2900390625 0.4794921875 0.072265625 0.048828125
 0 0.2705078125 0.515625 0.033203125 0.05859375
 0 0.3173828125 0.5146484375 0.052734375 0.056640625
 0 0.384765625 0.505859375 0.0234375 0.02734375
 4 0.3916015625 0.3408203125 0.013671875 0.048828125
 0 0.4951171875 0.5068359375 0.130859375 0.087890625
 4 0.498046875 0.431640625 0.015625 0.03515625
 0 0.8115234375 0.4716796875 0.099609375 0.076171875