
 0 0.89453125 0.6103515625 0.2109375 0.408203125
 0 0.080078125 0.560546875 0.16015625 0.16796875
 0 0.0791015625 0.5546875 0.158203125 0.1328125
 0 0.1728515625 0.5498046875 0.072265625 0.115234375
 0 0.17578125 0.5517578125 0.06640625 0.134765625
 0 0.251953125 0.515625 0.07421875 0.09765625
 0 0.25390625 0.521484375 0.0625 0.06640625
 0 0.3154296875 0.5126953125 0.041015625 0.052734375
 0 0.4873046875 0.5029296875 0.033203125 0.052734375
 0 0.5283203125 0.513671875 0.060546875 0.0625
 0 0.52734375 0.5068359375 0.046875 0.080078125
 0 0.583984375 0.5244140625 0.09765625 0.099609375
 0 0.58984375 0.529296875 0.09375 0.109375