
 0 0.9658203125 0.626953125 0.068359375 0.20703125
 0 0.0107421875 0.595703125 0.021484375 0.140625
 0 0.1298828125 0.5625 0.107421875 0.1171875
 0 0.1943359375 0.546875 0.052734375 0.09765625
 0 0.1982421875 0.5458984375 0.048828125 0.099609375
 0 0.2353515625 0.53125 0.041015625 0.078125
 0 0.2724609375 0.5244140625 0.025390625 0.060546875
 0 0.4013671875 0.52734375 0.056640625 0.08984375
 0 0.458984375 0.5498046875 0.09375 0.111328125
 0 0.455078125 0.546875 0.078125 0.09765625
 0 0.572265625 0.537109375 0.0625 0.109375
 0 0.6494140625 0.5595703125 0.119140625 0.123046875
 0 0.8349609375 0.5869140625 0.208984375 0.228515625
 1 0.7529296875 0.51953125 0.041015625 0.12109375
 1 0.787109375 0.48828125 0.03515625 0.11328125