
 0 0.833984375 0.5205078125 0.33203125 0.236328125
 0 0.0146484375 0.5341796875 0.029296875 0.111328125
 1 0.009765625 0.5078125 0.015625 0.03515625
 0 0.123046875 0.5380859375 0.09765625 0.107421875
 0 0.1220703125 0.5380859375 0.083984375 0.087890625
 0 0.220703125 0.52734375 0.1015625 0.125
 0 0.220703125 0.529296875 0.08984375 0.11328125
 0 0.2783203125 0.5146484375 0.029296875 0.080078125
 0 0.3623046875 0.509765625 0.064453125 0.10546875
 0 0.4033203125 0.505859375 0.013671875 0.046875
 0 0.4365234375 0.5068359375 0.056640625 0.068359375
 0 0.435546875 0.5087890625 0.046875 0.048828125
 4 0.5830078125 0.2978515625 0.029296875 0.091796875
 1 0.58984375 0.5 0.01953125 0.125
 1 0.6318359375 0.48828125 0.029296875 0.12890625
 1 0.650390625 0.4814453125 0.01953125 0.126953125
 1 0.6767578125 0.4833984375 0.029296875 0.107421875