
 3 0.2353515625 0.51953125 0.056640625 0.07421875
 4 0.2705078125 0.4990234375 0.013671875 0.056640625
 0 0.3037109375 0.541015625 0.060546875 0.08203125
 0 0.33984375 0.5205078125 0.05078125 0.068359375
 0 0.4189453125 0.53515625 0.052734375 0.0703125
 4 0.4501953125 0.40234375 0.009765625 0.03125
 0 0.4677734375 0.515625 0.025390625 0.05078125
 0 0.4873046875 0.52734375 0.029296875 0.05859375
 0 0.5224609375 0.537109375 0.048828125 0.06640625
 0 0.623046875 0.55078125 0.14453125 0.13671875
 4 0.568359375 0.435546875 0.01171875 0.03515625
 0 0.84765625 0.6787109375 0.30078125 0.529296875