
 3 0.0625 0.48046875 0.125 0.16796875
 0 0.1162109375 0.5595703125 0.095703125 0.099609375
 0 0.1826171875 0.4873046875 0.138671875 0.134765625
 3 0.177734375 0.5009765625 0.078125 0.134765625
 0 0.2822265625 0.623046875 0.271484375 0.328125
 0 0.3837890625 0.498046875 0.158203125 0.26171875
 3 0.3984375 0.5283203125 0.12109375 0.232421875
 0 0.5048828125 0.529296875 0.048828125 0.06640625
 0 0.517578125 0.54296875 0.06640625 0.078125
 0 0.5810546875 0.5263671875 0.095703125 0.138671875
 0 0.6533203125 0.5556640625 0.169921875 0.169921875
 0 0.7509765625 0.478515625 0.095703125 0.1640625