
 0 0.0234375 0.4951171875 0.0390625 0.056640625
 0 0.048828125 0.50390625 0.05078125 0.08203125
 0 0.1240234375 0.5009765625 0.095703125 0.083984375
 0 0.2470703125 0.490234375 0.095703125 0.078125
 0 0.2822265625 0.4921875 0.072265625 0.0703125
 0 0.341796875 0.4892578125 0.1015625 0.099609375
 0 0.3916015625 0.494140625 0.068359375 0.08984375
 0 0.44140625 0.48828125 0.11328125 0.078125
 0 0.4521484375 0.482421875 0.107421875 0.08984375
 0 0.53125 0.4833984375 0.1171875 0.099609375
 0 0.640625 0.4736328125 0.1484375 0.115234375