
 0 0.0478515625 0.521484375 0.091796875 0.09765625
 0 0.142578125 0.50390625 0.1015625 0.09765625
 4 0.1708984375 0.1044921875 0.037109375 0.103515625
 0 0.2119140625 0.498046875 0.056640625 0.08203125
 0 0.279296875 0.5205078125 0.12890625 0.134765625
 4 0.3232421875 0.1123046875 0.033203125 0.091796875
 0 0.4560546875 0.4853515625 0.029296875 0.033203125
 0 0.4912109375 0.498046875 0.060546875 0.078125
 1 0.60546875 0.4755859375 0.01953125 0.080078125
 4 0.70703125 0.3017578125 0.01953125 0.080078125
 0 0.87109375 0.4853515625 0.16015625 0.107421875