
 0 0.205078125 0.5498046875 0.0390625 0.044921875
 0 0.16796875 0.5595703125 0.05078125 0.048828125
 0 0.087890625 0.58203125 0.0859375 0.09765625
 4 0.35546875 0.384765625 0.01171875 0.03125
 4 0.3564453125 0.38671875 0.013671875 0.0390625
 0 0.392578125 0.5439453125 0.0625 0.076171875
 0 0.390625 0.544921875 0.05859375 0.078125
 4 0.42578125 0.4072265625 0.015625 0.037109375
 4 0.42578125 0.4091796875 0.01171875 0.033203125
 4 0.51171875 0.4755859375 0.01171875 0.029296875
 4 0.53515625 0.4619140625 0.01171875 0.033203125
 2 0.7373046875 0.5537109375 0.052734375 0.244140625
 1 0.91796875 0.5185546875 0.015625 0.064453125