
 0 0.0380859375 0.6689453125 0.076171875 0.302734375
 0 0.0751953125 0.576171875 0.111328125 0.19921875
 0 0.0986328125 0.5009765625 0.064453125 0.064453125
 0 0.1044921875 0.5048828125 0.068359375 0.068359375
 0 0.1630859375 0.50390625 0.064453125 0.07421875
 1 0.1728515625 0.5048828125 0.029296875 0.126953125
 1 0.1767578125 0.5068359375 0.029296875 0.107421875
 0 0.3046875 0.51171875 0.08984375 0.08203125
 0 0.3623046875 0.5126953125 0.048828125 0.080078125
 0 0.3671875 0.5107421875 0.0546875 0.056640625
 0 0.3984375 0.5029296875 0.02734375 0.048828125
 0 0.4638671875 0.482421875 0.025390625 0.0390625
 0 0.583984375 0.494140625 0.03125 0.06640625
 0 0.6103515625 0.505859375 0.025390625 0.06640625
 0 0.658203125 0.515625 0.08203125 0.09375
 0 0.654296875 0.5166015625 0.0625 0.095703125
 0 0.7431640625 0.529296875 0.154296875 0.11328125
 0 0.75 0.529296875 0.1484375 0.14453125