
 1 0.98828125 0.57421875 0.0234375 0.21484375
 1 0.8583984375 0.55078125 0.048828125 0.1640625
 3 0.6884765625 0.484375 0.115234375 0.234375
 0 0.134765625 0.56640625 0.26953125 0.19921875
 0 0.09765625 0.6171875 0.18359375 0.18359375
 0 0.2958984375 0.595703125 0.076171875 0.09765625
 0 0.3017578125 0.599609375 0.076171875 0.1015625
 0 0.349609375 0.560546875 0.0703125 0.0703125
 0 0.3720703125 0.537109375 0.103515625 0.0859375
 0 0.427734375 0.5712890625 0.046875 0.083984375
 0 0.4638671875 0.5263671875 0.048828125 0.037109375
 0 0.5400390625 0.5556640625 0.154296875 0.208984375