
 0 0.0712890625 0.5732421875 0.138671875 0.146484375
 0 0.2255859375 0.5107421875 0.107421875 0.056640625
 0 0.306640625 0.5068359375 0.09375 0.080078125
 4 0.2685546875 0.44921875 0.009765625 0.0234375
 0 0.412109375 0.5205078125 0.0859375 0.119140625
 4 0.466796875 0.435546875 0.01953125 0.0546875
 4 0.4658203125 0.4345703125 0.013671875 0.033203125
 2 0.5361328125 0.5302734375 0.044921875 0.146484375
 0 0.5908203125 0.5 0.080078125 0.05859375
 0 0.8369140625 0.5576171875 0.291015625 0.275390625