
 0 0.8994140625 0.5654296875 0.201171875 0.173828125
 0 0.435546875 0.5205078125 0.08984375 0.130859375
 4 0.4453125 0.408203125 0.015625 0.03125
 4 0.4501953125 0.4091796875 0.017578125 0.033203125
 4 0.4794921875 0.423828125 0.013671875 0.02734375
 4 0.4814453125 0.41796875 0.013671875 0.03125
 4 0.544921875 0.4599609375 0.01171875 0.021484375
 4 0.55078125 0.4521484375 0.01953125 0.037109375
 4 0.5546875 0.453125 0.01171875 0.0234375
 0 0.5888671875 0.513671875 0.048828125 0.0703125
 0 0.6787109375 0.5263671875 0.099609375 0.107421875
 0 0.7216796875 0.478515625 0.048828125 0.04296875