
 1 0.1787109375 0.5615234375 0.021484375 0.072265625
 1 0.201171875 0.5625 0.01953125 0.0703125
 0 0.32421875 0.5537109375 0.05859375 0.076171875
 0 0.35546875 0.5458984375 0.02734375 0.052734375
 0 0.431640625 0.5380859375 0.03125 0.037109375
 0 0.5146484375 0.5478515625 0.041015625 0.091796875
 0 0.517578125 0.5439453125 0.04296875 0.091796875
 0 0.5517578125 0.5478515625 0.048828125 0.138671875
 0 0.580078125 0.5673828125 0.0859375 0.236328125
 0 0.5771484375 0.57421875 0.076171875 0.2734375
 0 0.7841796875 0.59375 0.412109375 0.45703125