
 0 0.0107421875 0.5625 0.021484375 0.07421875
 0 0.056640625 0.5478515625 0.0390625 0.060546875
 0 0.087890625 0.5498046875 0.04296875 0.064453125
 0 0.142578125 0.54296875 0.046875 0.05859375
 0 0.2099609375 0.537109375 0.037109375 0.05078125
 0 0.21875 0.5400390625 0.04296875 0.044921875
 0 0.4013671875 0.556640625 0.095703125 0.125
 0 0.46484375 0.53515625 0.05078125 0.0625
 0 0.6767578125 0.50390625 0.068359375 0.0625
 0 0.7578125 0.5 0.11328125 0.0703125
 0 0.8935546875 0.5087890625 0.201171875 0.064453125