
 0 0.1767578125 0.4970703125 0.087890625 0.068359375
 0 0.275390625 0.517578125 0.1015625 0.0859375
 0 0.404296875 0.4892578125 0.04296875 0.052734375
 0 0.40234375 0.4912109375 0.0390625 0.052734375
 0 0.4560546875 0.49609375 0.037109375 0.0390625
 3 0.5478515625 0.474609375 0.060546875 0.0703125
 4 0.5703125 0.0283203125 0.02734375 0.056640625
 4 0.56640625 0.3603515625 0.01171875 0.052734375
 4 0.6533203125 0.35546875 0.013671875 0.0390625
 4 0.7265625 0.40625 0.015625 0.04296875
 4 0.7294921875 0.408203125 0.013671875 0.02734375
 0 0.79296875 0.4794921875 0.1171875 0.060546875
 4 0.8017578125 0.0703125 0.025390625 0.08984375
 2 0.9697265625 0.4921875 0.029296875 0.1015625
 1 0.974609375 0.4775390625 0.03125 0.154296875
 1 0.9921875 0.4814453125 0.01171875 0.083984375