
 0 0.02734375 0.5595703125 0.05078125 0.130859375
 0 0.037109375 0.5537109375 0.05078125 0.103515625
 3 0.076171875 0.501953125 0.109375 0.0859375
 0 0.08984375 0.578125 0.13671875 0.1796875
 0 0.2861328125 0.591796875 0.326171875 0.421875
 4 0.3193359375 0.330078125 0.017578125 0.05078125
 4 0.4140625 0.326171875 0.015625 0.04296875
 4 0.4921875 0.326171875 0.015625 0.046875
 0 0.5263671875 0.521484375 0.041015625 0.05859375
 0 0.697265625 0.5654296875 0.16796875 0.177734375
 1 0.634765625 0.5244140625 0.01953125 0.056640625
 1 0.6357421875 0.513671875 0.013671875 0.0390625
 4 0.6796875 0.416015625 0.015625 0.04296875
 3 0.9423828125 0.486328125 0.115234375 0.13671875
 4 0.9306640625 0.25390625 0.048828125 0.1484375
 1 0.9599609375 0.541015625 0.029296875 0.1171875