
 0 0.0107421875 0.5029296875 0.021484375 0.060546875
 0 0.0869140625 0.48828125 0.091796875 0.08203125
 0 0.16796875 0.486328125 0.05859375 0.05859375
 0 0.2802734375 0.47265625 0.025390625 0.03125
 4 0.3818359375 0.28125 0.025390625 0.08203125
 4 0.3876953125 0.275390625 0.017578125 0.0625
 0 0.5126953125 0.587890625 0.267578125 0.32421875
 4 0.5107421875 0.265625 0.021484375 0.0625
 4 0.6416015625 0.2978515625 0.025390625 0.072265625
 0 0.7333984375 0.4677734375 0.052734375 0.037109375
 4 0.748046875 0.37890625 0.0234375 0.0703125
 0 0.8681640625 0.5576171875 0.255859375 0.388671875
 4 0.751953125 0.3779296875 0.015625 0.048828125