
 3 0.0908203125 0.4921875 0.173828125 0.21484375
 0 0.1806640625 0.51171875 0.025390625 0.05859375
 3 0.240234375 0.4951171875 0.05859375 0.091796875
 0 0.2421875 0.4970703125 0.05859375 0.091796875
 4 0.3095703125 0.42578125 0.017578125 0.05078125
 4 0.3095703125 0.421875 0.017578125 0.05078125
 0 0.345703125 0.4814453125 0.01953125 0.048828125
 0 0.3759765625 0.4970703125 0.052734375 0.083984375
 0 0.3759765625 0.4580078125 0.025390625 0.021484375
 0 0.3857421875 0.451171875 0.017578125 0.0234375
 0 0.4111328125 0.4814453125 0.033203125 0.048828125
 0 0.458984375 0.505859375 0.078125 0.125
 0 0.4853515625 0.46484375 0.021484375 0.0234375
 0 0.5185546875 0.4736328125 0.044921875 0.041015625
 0 0.5205078125 0.4716796875 0.037109375 0.044921875
 4 0.548828125 0.283203125 0.01953125 0.0625
 4 0.5498046875 0.2841796875 0.017578125 0.060546875
 0 0.5732421875 0.4912109375 0.041015625 0.048828125
 0 0.6279296875 0.4990234375 0.064453125 0.060546875
 4 0.69140625 0.392578125 0.015625 0.04296875
 1 0.7001953125 0.4921875 0.017578125 0.06640625
 0 0.87109375 0.5087890625 0.15234375 0.076171875