
 1 0.068359375 0.5390625 0.01953125 0.0703125
 0 0.3076171875 0.595703125 0.404296875 0.52734375
 4 0.12890625 0.427734375 0.01953125 0.01953125
 4 0.361328125 0.318359375 0.01171875 0.0390625
 4 0.4560546875 0.328125 0.017578125 0.046875
 3 0.71484375 0.4033203125 0.390625 0.560546875
 0 0.9267578125 0.7119140625 0.142578125 0.396484375
 1 0.9208984375 0.4853515625 0.029296875 0.138671875
 3 0.9404296875 0.4375 0.064453125 0.05078125
 1 0.9453125 0.4990234375 0.01953125 0.099609375
 1 0.962890625 0.490234375 0.01953125 0.109375