
 2 0.0439453125 0.544921875 0.017578125 0.06640625
 4 0.0498046875 0.443359375 0.025390625 0.05859375
 2 0.0751953125 0.5400390625 0.013671875 0.068359375
 3 0.169921875 0.5244140625 0.08203125 0.083984375
 3 0.2353515625 0.5107421875 0.056640625 0.056640625
 0 0.2412109375 0.5361328125 0.056640625 0.048828125
 3 0.3232421875 0.4853515625 0.099609375 0.146484375
 0 0.384765625 0.5224609375 0.03125 0.033203125
 0 0.416015625 0.513671875 0.03515625 0.03515625
 4 0.44921875 0.3271484375 0.01953125 0.060546875
 4 0.517578125 0.3251953125 0.0234375 0.064453125
 4 0.6552734375 0.412109375 0.021484375 0.06640625