
 0 0.064453125 0.5546875 0.12890625 0.14453125
 0 0.1484375 0.5458984375 0.10546875 0.123046875
 0 0.2138671875 0.5302734375 0.087890625 0.107421875
 0 0.2763671875 0.5146484375 0.076171875 0.087890625
 0 0.3623046875 0.51953125 0.056640625 0.07421875
 4 0.3896484375 0.392578125 0.017578125 0.04296875
 0 0.43359375 0.515625 0.0625 0.08984375
 4 0.4404296875 0.3857421875 0.021484375 0.044921875
 4 0.4951171875 0.3857421875 0.017578125 0.041015625
 0 0.5537109375 0.51953125 0.052734375 0.0703125
 0 0.62109375 0.51171875 0.0703125 0.109375
 4 0.6123046875 0.443359375 0.017578125 0.046875
 4 0.63671875 0.4052734375 0.01953125 0.060546875
 0 0.66796875 0.5146484375 0.06640625 0.103515625
 0 0.7255859375 0.5205078125 0.111328125 0.146484375
 0 0.833984375 0.548828125 0.20703125 0.15625