
 0 0.0966796875 0.3740234375 0.189453125 0.126953125
 0 0.1474609375 0.5458984375 0.291015625 0.283203125
 0 0.2763671875 0.462890625 0.033203125 0.05078125
 3 0.330078125 0.43359375 0.08203125 0.12109375
 4 0.369140625 0.3935546875 0.01953125 0.033203125
 0 0.390625 0.45703125 0.04296875 0.06640625
 4 0.39453125 0.396484375 0.015625 0.02734375
 0 0.431640625 0.47265625 0.03125 0.04296875
 4 0.43359375 0.38671875 0.015625 0.03125
 4 0.455078125 0.396484375 0.015625 0.03515625
 0 0.4814453125 0.47265625 0.041015625 0.046875
 4 0.51171875 0.423828125 0.01171875 0.02734375
 0 0.8837890625 0.4677734375 0.095703125 0.060546875
 0 0.9384765625 0.4609375 0.044921875 0.06640625