
 2 0.6298828125 0.48828125 0.041015625 0.06640625
 4 0.056640625 0.3798828125 0.015625 0.052734375
 0 0.2587890625 0.4912109375 0.228515625 0.287109375
 0 0.1611328125 0.5205078125 0.033203125 0.099609375
 4 0.380859375 0.314453125 0.015625 0.0390625
 0 0.5 0.5322265625 0.14453125 0.169921875
 4 0.4814453125 0.27734375 0.013671875 0.05078125
 4 0.6220703125 0.3798828125 0.017578125 0.037109375
 0 0.6953125 0.533203125 0.140625 0.1953125
 0 0.8779296875 0.59375 0.240234375 0.328125
 0 0.8017578125 0.46875 0.064453125 0.05859375
 4 0.8212890625 0.298828125 0.021484375 0.04296875