
 0 0.30078125 0.556640625 0.07421875 0.07421875
 0 0.33203125 0.5498046875 0.02734375 0.064453125
 0 0.34765625 0.5458984375 0.01953125 0.056640625
 0 0.3701171875 0.529296875 0.048828125 0.06640625
 0 0.3681640625 0.529296875 0.037109375 0.05859375
 0 0.5107421875 0.5458984375 0.033203125 0.056640625
 0 0.576171875 0.55859375 0.109375 0.12890625
 0 0.56640625 0.5615234375 0.0859375 0.111328125
 0 0.64453125 0.5654296875 0.1640625 0.275390625
 0 0.6328125 0.5673828125 0.125 0.220703125
 0 0.818359375 0.623046875 0.359375 0.46875