
 0 0.205078125 0.49609375 0.15625 0.078125
 0 0.4248046875 0.490234375 0.123046875 0.08203125
 4 0.3974609375 0.40234375 0.017578125 0.04296875
 0 0.5732421875 0.6171875 0.275390625 0.36328125
 1 0.7724609375 0.4833984375 0.025390625 0.068359375
 1 0.7724609375 0.4853515625 0.017578125 0.048828125
 0 0.8994140625 0.490234375 0.158203125 0.08984375
 0 0.90234375 0.494140625 0.14453125 0.0703125
 4 0.876953125 0.265625 0.0234375 0.078125
 0 0.970703125 0.5986328125 0.0546875 0.201171875