
 0 0.2890625 0.5263671875 0.02734375 0.048828125
 0 0.3623046875 0.552734375 0.146484375 0.20703125
 4 0.4296875 0.4765625 0.01171875 0.03515625
 0 0.4404296875 0.548828125 0.033203125 0.1171875
 0 0.4921875 0.5185546875 0.03515625 0.041015625
 0 0.49609375 0.51953125 0.0234375 0.03515625
 0 0.5302734375 0.5107421875 0.037109375 0.056640625
 4 0.5556640625 0.3818359375 0.013671875 0.044921875
 4 0.5537109375 0.3876953125 0.009765625 0.037109375
 0 0.587890625 0.5185546875 0.0234375 0.037109375
 4 0.6376953125 0.453125 0.013671875 0.03515625
 4 0.638671875 0.4677734375 0.01171875 0.033203125
 4 0.822265625 0.400390625 0.015625 0.046875
 4 0.82421875 0.4033203125 0.01171875 0.048828125
 0 0.8984375 0.4970703125 0.09765625 0.056640625
 0 0.9140625 0.4970703125 0.1015625 0.060546875