
 0 0.3046875 0.5283203125 0.0390625 0.025390625
 0 0.392578125 0.5224609375 0.01953125 0.033203125
 4 0.4072265625 0.4248046875 0.009765625 0.025390625
 0 0.4599609375 0.5302734375 0.044921875 0.052734375
 4 0.447265625 0.431640625 0.0078125 0.01953125
 0 0.48828125 0.5205078125 0.01171875 0.037109375
 4 0.5302734375 0.4560546875 0.009765625 0.025390625
 3 0.587890625 0.4912109375 0.1171875 0.060546875
 1 0.5693359375 0.509765625 0.009765625 0.0390625
 0 0.8681640625 0.4912109375 0.041015625 0.041015625