
 0 0.669921875 0.509765625 0.515625 0.32421875
 0 0.07421875 0.4736328125 0.05078125 0.060546875
 0 0.126953125 0.466796875 0.03515625 0.05078125
 0 0.15234375 0.4716796875 0.03125 0.037109375
 0 0.15234375 0.474609375 0.03125 0.04296875
 0 0.23828125 0.4814453125 0.05078125 0.048828125
 0 0.2421875 0.4833984375 0.04296875 0.048828125
 4 0.2412109375 0.1328125 0.029296875 0.09375
 0 0.294921875 0.4755859375 0.046875 0.044921875
 0 0.3017578125 0.4814453125 0.052734375 0.056640625
 4 0.466796875 0.3095703125 0.02734375 0.087890625