
 3 0.05859375 0.4892578125 0.1171875 0.185546875
 0 0.1171875 0.5634765625 0.10546875 0.111328125
 0 0.17578125 0.4716796875 0.12109375 0.123046875
 3 0.1845703125 0.4912109375 0.130859375 0.142578125
 0 0.2880859375 0.6240234375 0.283203125 0.345703125
 3 0.404296875 0.529296875 0.12890625 0.19140625
 0 0.43359375 0.5205078125 0.078125 0.259765625
 0 0.5087890625 0.5361328125 0.056640625 0.083984375
 0 0.53125 0.533203125 0.02734375 0.109375
 0 0.5859375 0.52734375 0.10546875 0.15234375
 0 0.654296875 0.5576171875 0.17578125 0.181640625
 3 0.7509765625 0.4794921875 0.107421875 0.193359375