
 0 0.369140625 0.5556640625 0.0625 0.080078125
 4 0.4091796875 0.388671875 0.009765625 0.03125
 4 0.41015625 0.390625 0.01171875 0.03125
 0 0.453125 0.548828125 0.05859375 0.0859375
 4 0.4677734375 0.4033203125 0.009765625 0.025390625
 4 0.4677734375 0.400390625 0.009765625 0.02734375
 4 0.529296875 0.4638671875 0.01171875 0.041015625
 4 0.529296875 0.466796875 0.01171875 0.03125
 4 0.5498046875 0.4462890625 0.009765625 0.041015625
 4 0.552734375 0.4482421875 0.0078125 0.033203125
 1 0.5927734375 0.5419921875 0.017578125 0.099609375
 1 0.595703125 0.533203125 0.015625 0.08984375
 1 0.609375 0.5390625 0.015625 0.11328125
 1 0.6171875 0.5439453125 0.015625 0.099609375
 1 0.6181640625 0.5419921875 0.013671875 0.107421875
 1 0.63671875 0.5322265625 0.01953125 0.099609375
 1 0.640625 0.5400390625 0.015625 0.103515625