
 0 0.09375 0.56640625 0.1484375 0.1484375
 0 0.326171875 0.580078125 0.234375 0.33203125
 4 0.4345703125 0.470703125 0.013671875 0.03515625
 0 0.451171875 0.572265625 0.03125 0.15625
 0 0.494140625 0.5146484375 0.0234375 0.021484375
 0 0.5234375 0.5166015625 0.03125 0.048828125
 4 0.5712890625 0.376953125 0.021484375 0.05078125
 4 0.5732421875 0.384765625 0.013671875 0.04296875
 0 0.6064453125 0.5146484375 0.021484375 0.037109375
 4 0.6611328125 0.4482421875 0.013671875 0.037109375
 4 0.662109375 0.4638671875 0.01171875 0.033203125
 4 0.896484375 0.384765625 0.015625 0.046875
 4 0.8984375 0.4013671875 0.01171875 0.048828125
 0 0.9453125 0.498046875 0.10546875 0.08984375
 0 0.9443359375 0.49609375 0.103515625 0.06640625