
 0 0.0478515625 0.4580078125 0.095703125 0.095703125
 0 0.03125 0.509765625 0.0625 0.078125
 3 0.0439453125 0.466796875 0.083984375 0.109375
 0 0.3232421875 0.4833984375 0.041015625 0.044921875
 0 0.3251953125 0.4794921875 0.033203125 0.029296875
 0 0.365234375 0.4697265625 0.02734375 0.041015625
 0 0.419921875 0.48046875 0.0234375 0.04296875
 0 0.419921875 0.474609375 0.01953125 0.03515625
 4 0.443359375 0.39453125 0.01953125 0.0390625
 4 0.447265625 0.3935546875 0.015625 0.037109375
 4 0.54296875 0.3359375 0.015625 0.0390625
 0 0.5537109375 0.478515625 0.029296875 0.046875
 0 0.552734375 0.48046875 0.0234375 0.03125
 4 0.5830078125 0.4052734375 0.013671875 0.037109375
 None 0.583984375 0.4033203125 0.015625 0.044921875
 None 0.6953125 0.3427734375 0.0234375 0.072265625
 4 0.6962890625 0.353515625 0.021484375 0.06640625