
 0 0.18359375 0.62890625 0.3671875 0.62109375
 4 0.3466796875 0.4345703125 0.017578125 0.060546875
 0 0.4013671875 0.5830078125 0.126953125 0.224609375
 0 0.53515625 0.5390625 0.15625 0.08984375
 4 0.474609375 0.35546875 0.015625 0.05078125
 4 0.5244140625 0.4287109375 0.017578125 0.052734375
 4 0.7060546875 0.318359375 0.041015625 0.12109375
 1 0.7275390625 0.5263671875 0.021484375 0.076171875
 1 0.7265625 0.5166015625 0.015625 0.052734375
 0 0.90234375 0.533203125 0.109375 0.109375
 0 0.869140625 0.5546875 0.04296875 0.0703125
 0 0.9404296875 0.5419921875 0.107421875 0.111328125
 0 0.9267578125 0.55078125 0.064453125 0.0859375
 0 0.9736328125 0.53515625 0.048828125 0.10546875