
 0 0.0439453125 0.572265625 0.087890625 0.19140625
 0 0.142578125 0.5439453125 0.11328125 0.158203125
 0 0.2197265625 0.5263671875 0.060546875 0.107421875
 0 0.275390625 0.513671875 0.05078125 0.109375
 0 0.3115234375 0.51171875 0.033203125 0.078125
 0 0.3359375 0.5068359375 0.0234375 0.076171875
 0 0.365234375 0.5 0.03515625 0.07421875
 0 0.4482421875 0.4951171875 0.083984375 0.060546875
 0 0.49609375 0.4794921875 0.0390625 0.044921875
 0 0.697265625 0.482421875 0.0703125 0.06640625
 0 0.8603515625 0.4697265625 0.044921875 0.033203125