
 0 0.0185546875 0.5712890625 0.037109375 0.111328125
 0 0.0791015625 0.5634765625 0.083984375 0.091796875
 0 0.1630859375 0.552734375 0.060546875 0.06640625
 0 0.21875 0.5419921875 0.0390625 0.068359375
 0 0.2578125 0.5400390625 0.03125 0.048828125
 0 0.28515625 0.53515625 0.01953125 0.03515625
 0 0.3896484375 0.57421875 0.134765625 0.19921875
 0 0.541015625 0.5283203125 0.046875 0.142578125
 0 0.5478515625 0.5234375 0.044921875 0.09765625
 0 0.591796875 0.541015625 0.03125 0.08203125
 0 0.6416015625 0.5517578125 0.060546875 0.138671875
 0 0.833984375 0.5166015625 0.328125 0.337890625