
 0 0.107421875 0.5322265625 0.21484375 0.130859375
 1 0.2568359375 0.529296875 0.033203125 0.125
 1 0.3310546875 0.5341796875 0.033203125 0.193359375
 1 0.3330078125 0.53515625 0.037109375 0.1953125
 1 0.3515625 0.537109375 0.0234375 0.16796875
 1 0.35546875 0.525390625 0.0234375 0.16796875
 1 0.404296875 0.484375 0.03515625 0.1171875
 1 0.4013671875 0.4775390625 0.025390625 0.111328125
 3 0.7392578125 0.5126953125 0.330078125 0.306640625
 0 0.7236328125 0.515625 0.279296875 0.30078125