
 4 0.072265625 0.0859375 0.109375 0.15625
 0 0.1513671875 0.5166015625 0.142578125 0.095703125
 0 0.1572265625 0.51953125 0.130859375 0.0859375
 0 0.1767578125 0.498046875 0.099609375 0.05859375
 0 0.3173828125 0.5 0.060546875 0.0625
 0 0.318359375 0.5 0.0546875 0.0625
 0 0.3828125 0.5126953125 0.0625 0.064453125
 0 0.3837890625 0.5146484375 0.060546875 0.080078125
 0 0.4423828125 0.490234375 0.052734375 0.05859375
 0 0.4794921875 0.494140625 0.033203125 0.0390625
 4 0.5703125 0.0283203125 0.02734375 0.056640625
 4 0.5654296875 0.3603515625 0.013671875 0.052734375
 4 0.65234375 0.35546875 0.015625 0.0390625
 4 0.7265625 0.41015625 0.015625 0.04296875
 4 0.8017578125 0.07421875 0.025390625 0.08984375
 1 0.8740234375 0.474609375 0.025390625 0.0703125
 1 0.8759765625 0.4814453125 0.021484375 0.052734375
 2 0.9482421875 0.5009765625 0.021484375 0.099609375