
 1 0.0166015625 0.5458984375 0.033203125 0.130859375
 1 0.009765625 0.5546875 0.01953125 0.1328125
 0 0.0654296875 0.5380859375 0.115234375 0.126953125
 0 0.13671875 0.52734375 0.01953125 0.04296875
 1 0.1455078125 0.5263671875 0.017578125 0.052734375
 1 0.203125 0.556640625 0.0390625 0.1328125
 0 0.3154296875 0.5283203125 0.083984375 0.111328125
 4 0.416015625 0.33984375 0.0234375 0.08203125
 1 0.6201171875 0.521484375 0.029296875 0.1484375
 1 0.6884765625 0.5126953125 0.037109375 0.134765625
 1 0.7861328125 0.5126953125 0.033203125 0.150390625