
 3 0.0615234375 0.5224609375 0.123046875 0.072265625
 1 0.064453125 0.556640625 0.02734375 0.078125
 1 0.0615234375 0.5517578125 0.021484375 0.083984375
 0 0.3232421875 0.5458984375 0.138671875 0.080078125
 4 0.353515625 0.1826171875 0.03515625 0.083984375
 4 0.603515625 0.3505859375 0.02734375 0.087890625
 4 0.6064453125 0.3486328125 0.017578125 0.072265625
 1 0.6806640625 0.5322265625 0.033203125 0.134765625
 1 0.7314453125 0.53515625 0.017578125 0.1484375
 1 0.7646484375 0.5380859375 0.037109375 0.150390625
 1 0.8212890625 0.5400390625 0.033203125 0.177734375
 1 0.830078125 0.53515625 0.04296875 0.16796875
 1 0.91015625 0.52734375 0.0625 0.2109375