
 0 0.0810546875 0.5595703125 0.060546875 0.060546875
 0 0.1689453125 0.5546875 0.044921875 0.05078125
 0 0.2275390625 0.5498046875 0.103515625 0.126953125
 4 0.357421875 0.1611328125 0.02734375 0.076171875
 0 0.4033203125 0.5625 0.080078125 0.11328125
 0 0.517578125 0.544921875 0.046875 0.15625
 0 0.5966796875 0.5546875 0.142578125 0.18359375
 4 0.54296875 0.2177734375 0.02734375 0.076171875
 0 0.8330078125 0.64453125 0.330078125 0.44921875
 4 0.693359375 0.2607421875 0.03125 0.076171875
 4 0.6943359375 0.255859375 0.021484375 0.0703125
 4 0.8759765625 0.39453125 0.021484375 0.05078125