
 0 0.0595703125 0.4990234375 0.119140625 0.095703125
 4 0.111328125 0.3857421875 0.01953125 0.052734375
 4 0.2392578125 0.2841796875 0.017578125 0.041015625
 0 0.2724609375 0.4921875 0.064453125 0.078125
 0 0.3232421875 0.482421875 0.029296875 0.0546875
 4 0.361328125 0.3515625 0.015625 0.03515625
 4 0.4345703125 0.3515625 0.017578125 0.03515625
 4 0.5634765625 0.4189453125 0.013671875 0.037109375
 4 0.6337890625 0.3642578125 0.021484375 0.080078125
 0 0.7197265625 0.4794921875 0.048828125 0.060546875
 0 0.798828125 0.4912109375 0.140625 0.068359375