
 0 0.0322265625 0.5234375 0.064453125 0.0703125
 0 0.166015625 0.5048828125 0.0703125 0.072265625
 0 0.1689453125 0.4990234375 0.060546875 0.056640625
 0 0.2138671875 0.5 0.041015625 0.05859375
 0 0.255859375 0.4990234375 0.04296875 0.056640625
 0 0.365234375 0.5029296875 0.1015625 0.134765625
 0 0.4580078125 0.486328125 0.029296875 0.04296875
 0 0.501953125 0.486328125 0.03125 0.046875
 0 0.6943359375 0.5205078125 0.103515625 0.166015625
 0 0.828125 0.5263671875 0.25390625 0.271484375