
 0 0.0576171875 0.529296875 0.115234375 0.15234375
 0 0.359375 0.4951171875 0.05859375 0.052734375
 0 0.380859375 0.490234375 0.01953125 0.05859375
 0 0.408203125 0.482421875 0.0390625 0.0546875
 0 0.5859375 0.4921875 0.04296875 0.05859375
 0 0.8154296875 0.4541015625 0.029296875 0.033203125
 0 0.83984375 0.4521484375 0.02734375 0.037109375
 0 0.869140625 0.4521484375 0.02734375 0.033203125
 0 0.9013671875 0.4599609375 0.029296875 0.044921875
 0 0.9697265625 0.44921875 0.056640625 0.04296875