
 0 0.1044921875 0.5009765625 0.208984375 0.263671875
 0 0.236328125 0.5302734375 0.07421875 0.119140625
 0 0.279296875 0.513671875 0.015625 0.0546875
 4 0.3017578125 0.365234375 0.017578125 0.03125
 0 0.34765625 0.5263671875 0.109375 0.138671875
 4 0.345703125 0.361328125 0.015625 0.02734375
 4 0.4169921875 0.3603515625 0.013671875 0.029296875
 0 0.4970703125 0.5419921875 0.142578125 0.185546875
 0 0.4501953125 0.48828125 0.037109375 0.08203125
 4 0.4677734375 0.3623046875 0.017578125 0.037109375
 4 0.572265625 0.412109375 0.015625 0.0234375
 0 0.5927734375 0.48828125 0.052734375 0.05078125
 0 0.779296875 0.474609375 0.10546875 0.0625
 4 0.8515625 0.2900390625 0.0234375 0.037109375