
 0 0.1396484375 0.537109375 0.068359375 0.0703125
 0 0.2119140625 0.53125 0.037109375 0.05859375
 0 0.41015625 0.53515625 0.08984375 0.125
 4 0.4033203125 0.470703125 0.009765625 0.03515625
 0 0.458984375 0.53125 0.04296875 0.0859375
 4 0.4580078125 0.4375 0.009765625 0.02734375
 4 0.4814453125 0.470703125 0.009765625 0.02734375
 4 0.5146484375 0.455078125 0.009765625 0.03125
 0 0.5400390625 0.52734375 0.052734375 0.0859375
 0 0.595703125 0.5341796875 0.1015625 0.123046875
 0 0.7412109375 0.58203125 0.193359375 0.203125