
 0 0.06640625 0.5419921875 0.078125 0.064453125
 0 0.2294921875 0.568359375 0.154296875 0.1953125
 4 0.3447265625 0.3466796875 0.017578125 0.044921875
 0 0.3583984375 0.5341796875 0.060546875 0.056640625
 4 0.40625 0.390625 0.02734375 0.078125
 4 0.40625 0.3876953125 0.015625 0.044921875
 0 0.44140625 0.5205078125 0.015625 0.056640625
 0 0.455078125 0.52734375 0.01953125 0.0546875
 0 0.4658203125 0.5341796875 0.021484375 0.076171875
 0 0.505859375 0.5322265625 0.0859375 0.130859375
 0 0.552734375 0.529296875 0.02734375 0.0703125
 4 0.556640625 0.3203125 0.015625 0.05078125
 0 0.6337890625 0.544921875 0.107421875 0.125
 0 0.7841796875 0.6123046875 0.357421875 0.341796875
 4 0.7685546875 0.4423828125 0.021484375 0.068359375
 4 0.76953125 0.4501953125 0.01171875 0.037109375
 0 0.9453125 0.5380859375 0.08203125 0.111328125