
 0 0.1201171875 0.541015625 0.076171875 0.08203125
 0 0.177734375 0.5390625 0.046875 0.06640625
 0 0.1796875 0.5419921875 0.04296875 0.052734375
 0 0.330078125 0.6533203125 0.328125 0.427734375
 4 0.2802734375 0.2783203125 0.021484375 0.068359375
 4 0.390625 0.287109375 0.0234375 0.07421875
 2 0.50390625 0.5263671875 0.02734375 0.083984375
 2 0.5087890625 0.5302734375 0.033203125 0.072265625
 1 0.5205078125 0.5185546875 0.013671875 0.060546875
 1 0.5224609375 0.513671875 0.013671875 0.0625
 1 0.529296875 0.517578125 0.015625 0.0625
 1 0.53125 0.517578125 0.015625 0.07421875
 1 0.5439453125 0.5185546875 0.017578125 0.060546875
 1 0.5458984375 0.5185546875 0.017578125 0.076171875
 4 0.5634765625 0.4130859375 0.025390625 0.068359375
 1 0.623046875 0.5322265625 0.0546875 0.083984375
 1 0.6259765625 0.5263671875 0.021484375 0.072265625
 2 0.658203125 0.5244140625 0.03125 0.087890625
 2 0.6630859375 0.52734375 0.025390625 0.08984375
 1 0.6884765625 0.5302734375 0.021484375 0.076171875
 0 0.7734375 0.5390625 0.17578125 0.08984375
 1 0.70703125 0.505859375 0.01953125 0.05078125
 1 0.7255859375 0.5078125 0.021484375 0.05078125
 1 0.7255859375 0.5029296875 0.021484375 0.048828125