
 3 0.1708984375 0.4814453125 0.033203125 0.056640625
 0 0.294921875 0.486328125 0.03515625 0.04296875
 0 0.2939453125 0.48828125 0.033203125 0.02734375
 0 0.3291015625 0.48828125 0.033203125 0.04296875
 0 0.3349609375 0.4853515625 0.033203125 0.041015625
 0 0.3583984375 0.48828125 0.025390625 0.03515625
 0 0.416015625 0.48828125 0.03125 0.05078125
 0 0.4892578125 0.5087890625 0.080078125 0.107421875
 0 0.576171875 0.48046875 0.03125 0.05078125
 0 0.62109375 0.4736328125 0.078125 0.111328125
 3 0.6181640625 0.4873046875 0.072265625 0.099609375
 0 0.8505859375 0.490234375 0.107421875 0.08203125
 0 0.853515625 0.4921875 0.10546875 0.0625