
 0 0.1015625 0.583984375 0.203125 0.2734375
 4 0.28515625 0.212890625 0.0234375 0.0703125
 0 0.400390625 0.5390625 0.0625 0.08984375
 4 0.4130859375 0.234375 0.021484375 0.078125
 0 0.431640625 0.5322265625 0.03515625 0.060546875
 0 0.4365234375 0.533203125 0.025390625 0.0546875
 0 0.453125 0.5283203125 0.02734375 0.041015625
 0 0.4541015625 0.5302734375 0.021484375 0.037109375
 2 0.4990234375 0.541015625 0.037109375 0.11328125
 4 0.552734375 0.375 0.0234375 0.07421875
 2 0.59375 0.5322265625 0.02734375 0.095703125
 1 0.5927734375 0.509765625 0.021484375 0.0625