
 0 0.0458984375 0.5400390625 0.091796875 0.423828125
 0 0.16015625 0.494140625 0.21484375 0.23046875
 0 0.1767578125 0.5009765625 0.181640625 0.263671875
 4 0.1416015625 0.369140625 0.021484375 0.0390625
 0 0.3115234375 0.44140625 0.041015625 0.0703125
 0 0.3095703125 0.4443359375 0.033203125 0.048828125
 4 0.3955078125 0.265625 0.021484375 0.0390625
 4 0.396484375 0.265625 0.01953125 0.046875
 4 0.4775390625 0.267578125 0.021484375 0.03125
 4 0.4775390625 0.2744140625 0.013671875 0.037109375
 4 0.6123046875 0.3466796875 0.017578125 0.033203125
 4 0.61328125 0.3564453125 0.015625 0.044921875