
 0 0.0400390625 0.4267578125 0.080078125 0.080078125
 0 0.0966796875 0.4345703125 0.044921875 0.083984375
 0 0.1298828125 0.431640625 0.048828125 0.08984375
 0 0.169921875 0.4599609375 0.0859375 0.087890625
 0 0.1904296875 0.45703125 0.048828125 0.0625
 0 0.2861328125 0.443359375 0.060546875 0.0625
 0 0.2861328125 0.4521484375 0.048828125 0.060546875
 4 0.4248046875 0.41796875 0.013671875 0.0234375
 0 0.4892578125 0.4970703125 0.107421875 0.169921875
 None 0.4990234375 0.3916015625 0.009765625 0.029296875
 0 0.62890625 0.48046875 0.05078125 0.05078125
 0 0.6796875 0.50390625 0.0703125 0.08203125
 0 0.7236328125 0.4912109375 0.037109375 0.048828125
 0 0.7861328125 0.498046875 0.064453125 0.0703125
 0 0.7900390625 0.50390625 0.056640625 0.05859375
 0 0.85546875 0.50390625 0.05078125 0.0625
 0 0.90234375 0.51171875 0.04296875 0.04296875
 0 0.951171875 0.560546875 0.09375 0.14453125
 0 0.953125 0.5625 0.08984375 0.13671875