
 2 0.021484375 0.5478515625 0.03125 0.087890625
 2 0.01953125 0.54296875 0.01953125 0.0703125
 1 0.0595703125 0.537109375 0.021484375 0.06640625
 0 0.125 0.53125 0.09375 0.09765625
 3 0.1279296875 0.5302734375 0.091796875 0.087890625
 0 0.2021484375 0.5390625 0.076171875 0.06640625
 0 0.201171875 0.505859375 0.06640625 0.0390625
 3 0.201171875 0.5146484375 0.0546875 0.048828125
 3 0.291015625 0.482421875 0.109375 0.17578125
 4 0.423828125 0.3203125 0.01953125 0.0546875
 0 0.544921875 0.529296875 0.16796875 0.09765625
 4 0.5 0.3173828125 0.01953125 0.060546875
 4 0.6455078125 0.412109375 0.021484375 0.0625