
 1 0.943359375 0.5498046875 0.0234375 0.111328125
 0 0.0205078125 0.560546875 0.041015625 0.12890625
 0 0.0224609375 0.578125 0.033203125 0.18359375
 0 0.087890625 0.580078125 0.12890625 0.1796875
 3 0.0830078125 0.490234375 0.111328125 0.08984375
 0 0.2841796875 0.5908203125 0.330078125 0.419921875
 4 0.3173828125 0.328125 0.017578125 0.0546875
 4 0.4140625 0.3251953125 0.01953125 0.048828125
 0 0.466796875 0.5283203125 0.078125 0.115234375
 0 0.4560546875 0.521484375 0.048828125 0.0859375
 4 0.4921875 0.326171875 0.01953125 0.0546875
 0 0.53125 0.5263671875 0.03515625 0.044921875
 0 0.689453125 0.5625 0.1484375 0.171875
 4 0.6787109375 0.416015625 0.017578125 0.046875
 3 0.8212890625 0.48046875 0.126953125 0.12109375
 0 0.876953125 0.4814453125 0.234375 0.162109375
 0 0.888671875 0.5234375 0.14453125 0.08203125
 4 0.9296875 0.2568359375 0.05078125 0.154296875