
 4 0.3291015625 0.4326171875 0.013671875 0.037109375
 0 0.3818359375 0.498046875 0.029296875 0.05078125
 0 0.404296875 0.5068359375 0.01953125 0.044921875
 0 0.419921875 0.5048828125 0.01953125 0.044921875
 0 0.435546875 0.50390625 0.01953125 0.05078125
 0 0.50390625 0.494140625 0.046875 0.08984375
 4 0.5244140625 0.34765625 0.021484375 0.04296875
 0 0.6328125 0.5107421875 0.0859375 0.119140625
 4 0.6015625 0.431640625 0.01953125 0.03125
 4 0.6044921875 0.4248046875 0.017578125 0.048828125
 0 0.734375 0.548828125 0.15234375 0.1875