
 0 0.1220703125 0.4921875 0.244140625 0.67578125
 3 0.1279296875 0.484375 0.248046875 0.6171875
 0 0.328125 0.5009765625 0.0546875 0.072265625
 0 0.4921875 0.6220703125 0.3359375 0.423828125
 4 0.3515625 0.3017578125 0.01953125 0.068359375
 4 0.474609375 0.2392578125 0.0234375 0.064453125
 4 0.6513671875 0.3740234375 0.017578125 0.048828125
 0 0.7421875 0.490234375 0.0859375 0.05859375
 0 0.8564453125 0.5908203125 0.283203125 0.345703125
 4 0.98828125 0.2314453125 0.01953125 0.115234375