
 0 0.05078125 0.5361328125 0.1015625 0.087890625
 0 0.177734375 0.5576171875 0.11328125 0.126953125
 0 0.24609375 0.5458984375 0.05859375 0.099609375
 0 0.2958984375 0.5439453125 0.052734375 0.080078125
 0 0.4208984375 0.5517578125 0.076171875 0.107421875
 0 0.4775390625 0.521484375 0.064453125 0.1015625
 3 0.478515625 0.529296875 0.0546875 0.0859375
 0 0.5986328125 0.564453125 0.123046875 0.13671875
 0 0.599609375 0.56640625 0.1171875 0.1328125
 0 0.818359375 0.640625 0.359375 0.33203125
 0 0.697265625 0.517578125 0.0703125 0.08984375