
 0 0.1943359375 0.513671875 0.091796875 0.05859375
 2 0.2744140625 0.501953125 0.048828125 0.05859375
 2 0.3173828125 0.4970703125 0.013671875 0.060546875
 0 0.3671875 0.533203125 0.07421875 0.06640625
 2 0.390625 0.494140625 0.03125 0.03125
 4 0.38671875 0.34375 0.015625 0.0390625
 4 0.3857421875 0.3466796875 0.009765625 0.044921875
 2 0.3935546875 0.5 0.017578125 0.03515625
 4 0.462890625 0.416015625 0.015625 0.04296875
 4 0.4638671875 0.4140625 0.013671875 0.0390625
 4 0.5771484375 0.3701171875 0.021484375 0.068359375
 4 0.5771484375 0.373046875 0.021484375 0.07421875