
 0 0.091796875 0.4853515625 0.03125 0.025390625
 0 0.091796875 0.5146484375 0.02734375 0.025390625
 0 0.1826171875 0.515625 0.154296875 0.09375
 0 0.2431640625 0.501953125 0.052734375 0.09765625
 0 0.2626953125 0.498046875 0.021484375 0.078125
 0 0.4130859375 0.4970703125 0.060546875 0.060546875
 0 0.4716796875 0.4970703125 0.033203125 0.044921875
 0 0.4736328125 0.4970703125 0.037109375 0.037109375
 4 0.5703125 0.0283203125 0.02734375 0.056640625
 4 0.5654296875 0.3603515625 0.013671875 0.052734375
 4 0.65234375 0.35546875 0.015625 0.0390625
 4 0.7255859375 0.408203125 0.013671875 0.04296875
 4 0.7294921875 0.408203125 0.013671875 0.02734375
 4 0.8017578125 0.072265625 0.025390625 0.08984375
 1 0.8642578125 0.482421875 0.025390625 0.0546875
 1 0.865234375 0.474609375 0.01953125 0.0703125
 2 0.966796875 0.4921875 0.03125 0.1015625
 1 0.9736328125 0.494140625 0.029296875 0.125
 1 0.9921875 0.4814453125 0.01171875 0.083984375