
 0 0.2177734375 0.703125 0.431640625 0.484375
 1 0.126953125 0.416015625 0.015625 0.03125
 4 0.1494140625 0.3984375 0.017578125 0.0546875
 0 0.3857421875 0.533203125 0.029296875 0.03515625
 0 0.3876953125 0.5283203125 0.029296875 0.044921875
 0 0.4482421875 0.53125 0.033203125 0.046875
 4 0.52734375 0.3701171875 0.01953125 0.068359375
 1 0.6318359375 0.52734375 0.017578125 0.07421875
 1 0.6494140625 0.525390625 0.021484375 0.07421875
 1 0.6728515625 0.5341796875 0.025390625 0.095703125
 1 0.83984375 0.5283203125 0.04296875 0.240234375
 1 0.89453125 0.5244140625 0.046875 0.240234375
 1 0.9794921875 0.55078125 0.037109375 0.2265625