
 0 0.4560546875 0.4560546875 0.048828125 0.033203125
 0 0.4990234375 0.4716796875 0.048828125 0.044921875
 0 0.4990234375 0.47265625 0.048828125 0.04296875
 4 0.5654296875 0.2470703125 0.021484375 0.060546875
 4 0.5654296875 0.236328125 0.017578125 0.0546875
 0 0.595703125 0.4755859375 0.05078125 0.044921875
 0 0.595703125 0.4755859375 0.046875 0.044921875
 4 0.6728515625 0.265625 0.017578125 0.04296875
 4 0.673828125 0.2509765625 0.015625 0.068359375
 4 0.9501953125 0.3779296875 0.017578125 0.033203125
 4 0.951171875 0.365234375 0.01953125 0.04296875