
 0 0.01171875 0.5810546875 0.0234375 0.123046875
 0 0.1279296875 0.552734375 0.158203125 0.08984375
 0 0.23828125 0.5380859375 0.046875 0.060546875
 0 0.3095703125 0.5361328125 0.060546875 0.076171875
 0 0.3095703125 0.5322265625 0.052734375 0.076171875
 0 0.4013671875 0.59765625 0.193359375 0.28125
 1 0.3251953125 0.5400390625 0.041015625 0.146484375
 0 0.564453125 0.5556640625 0.0703125 0.123046875
 0 0.607421875 0.568359375 0.078125 0.1484375
 0 0.7451171875 0.568359375 0.236328125 0.25390625
 0 0.8779296875 0.607421875 0.236328125 0.30078125