
 1 0.4775390625 0.5068359375 0.021484375 0.060546875
 0 0.09765625 0.5263671875 0.09375 0.041015625
 0 0.09765625 0.5244140625 0.078125 0.064453125
 0 0.2685546875 0.513671875 0.072265625 0.04296875
 0 0.2666015625 0.517578125 0.068359375 0.04296875
 0 0.359375 0.51171875 0.0390625 0.05078125
 4 0.392578125 0.3662109375 0.01171875 0.033203125
 0 0.41796875 0.5146484375 0.05078125 0.064453125
 4 0.4541015625 0.3828125 0.013671875 0.03515625
 4 0.4541015625 0.3779296875 0.009765625 0.029296875
 0 0.5224609375 0.513671875 0.052734375 0.06640625
 3 0.607421875 0.47265625 0.15234375 0.07421875
 4 0.5380859375 0.427734375 0.009765625 0.015625
 4 0.5380859375 0.431640625 0.009765625 0.01953125
 4 0.6015625 0.3916015625 0.01171875 0.029296875
 4 0.603515625 0.3955078125 0.01171875 0.037109375
 1 0.666015625 0.486328125 0.015625 0.0625
 1 0.6669921875 0.4931640625 0.017578125 0.072265625