
 0 0.0966796875 0.5751953125 0.181640625 0.162109375
 0 0.2099609375 0.5458984375 0.126953125 0.126953125
 0 0.28125 0.5458984375 0.0546875 0.080078125
 0 0.2861328125 0.552734375 0.048828125 0.08203125
 0 0.3125 0.5419921875 0.046875 0.064453125
 0 0.3828125 0.54296875 0.08203125 0.09765625
 0 0.3876953125 0.546875 0.080078125 0.109375
 0 0.423828125 0.53125 0.04296875 0.08203125
 0 0.4267578125 0.52734375 0.037109375 0.0703125
 0 0.509765625 0.51953125 0.03515625 0.05078125
 0 0.5517578125 0.53515625 0.060546875 0.078125