
 0 0.109375 0.54296875 0.06640625 0.05078125
 0 0.142578125 0.537109375 0.1015625 0.10546875
 0 0.2001953125 0.5361328125 0.041015625 0.076171875
 0 0.2294921875 0.5322265625 0.056640625 0.068359375
 0 0.232421875 0.525390625 0.05859375 0.046875
 0 0.3583984375 0.5205078125 0.025390625 0.033203125
 0 0.431640625 0.537109375 0.09765625 0.140625
 0 0.744140625 0.5078125 0.11328125 0.11328125
 0 0.74609375 0.5234375 0.07421875 0.10546875
 0 0.9423828125 0.5205078125 0.111328125 0.107421875