
 4 0.2841796875 0.490234375 0.021484375 0.05859375
 0 0.2998046875 0.548828125 0.048828125 0.08203125
 0 0.375 0.5546875 0.1328125 0.203125
 0 0.498046875 0.5283203125 0.03515625 0.044921875
 0 0.498046875 0.5263671875 0.03125 0.048828125
 4 0.578125 0.388671875 0.01953125 0.05078125
 4 0.576171875 0.376953125 0.01171875 0.0390625
 4 0.673828125 0.4560546875 0.01171875 0.033203125
 0 0.9375 0.515625 0.03515625 0.046875
 4 0.9560546875 0.375 0.017578125 0.06640625
 0 0.9736328125 0.5048828125 0.048828125 0.068359375