
 0 0.072265625 0.4716796875 0.14453125 0.318359375
 3 0.1708984375 0.4365234375 0.236328125 0.236328125
 0 0.326171875 0.4970703125 0.07421875 0.103515625
 4 0.3466796875 0.4052734375 0.017578125 0.033203125
 4 0.345703125 0.4033203125 0.015625 0.025390625
 0 0.3701171875 0.5068359375 0.021484375 0.060546875
 4 0.375 0.4013671875 0.015625 0.025390625
 4 0.380859375 0.40625 0.01171875 0.02734375
 0 0.4111328125 0.5 0.052734375 0.0625
 4 0.42578125 0.3955078125 0.015625 0.029296875
 4 0.4287109375 0.400390625 0.013671875 0.02734375
 4 0.46484375 0.3974609375 0.01953125 0.033203125
 0 0.4853515625 0.509765625 0.056640625 0.0625
 4 0.4658203125 0.3984375 0.013671875 0.03125
 0 0.552734375 0.484375 0.08984375 0.05859375
 0 0.552734375 0.4873046875 0.0859375 0.056640625
 4 0.5390625 0.4384765625 0.01171875 0.025390625
 0 0.6669921875 0.490234375 0.080078125 0.0703125
 4 0.6640625 0.3916015625 0.0234375 0.037109375
 0 0.7890625 0.47265625 0.07421875 0.0390625
 0 0.794921875 0.4697265625 0.078125 0.056640625