
 0 0.8916015625 0.626953125 0.216796875 0.62109375
 0 0.0849609375 0.5537109375 0.068359375 0.083984375
 0 0.2158203125 0.53125 0.138671875 0.22265625
 0 0.2939453125 0.5498046875 0.044921875 0.119140625
 0 0.2958984375 0.541015625 0.029296875 0.109375
 0 0.3095703125 0.5400390625 0.048828125 0.103515625
 0 0.326171875 0.5361328125 0.03515625 0.103515625
 0 0.3955078125 0.5283203125 0.048828125 0.060546875
 0 0.4873046875 0.546875 0.060546875 0.08203125
 0 0.4853515625 0.5439453125 0.052734375 0.083984375
 0 0.5146484375 0.5576171875 0.033203125 0.123046875
 0 0.5712890625 0.541015625 0.123046875 0.171875
 0 0.56640625 0.5458984375 0.10546875 0.193359375
 0 0.6904296875 0.5888671875 0.208984375 0.423828125
 0 0.740234375 0.5791015625 0.2890625 0.330078125