
 0 0.0810546875 0.5673828125 0.099609375 0.095703125
 0 0.189453125 0.5478515625 0.0546875 0.060546875
 0 0.23046875 0.5419921875 0.03515625 0.048828125
 0 0.2734375 0.5341796875 0.0625 0.064453125
 0 0.2783203125 0.541015625 0.048828125 0.05859375
 0 0.3115234375 0.5380859375 0.029296875 0.044921875
 0 0.3193359375 0.53515625 0.037109375 0.046875
 4 0.3798828125 0.4384765625 0.009765625 0.029296875
 4 0.41796875 0.447265625 0.01171875 0.03515625
 0 0.4296875 0.5322265625 0.03125 0.044921875
 4 0.48828125 0.4677734375 0.01953125 0.037109375
 0 0.8505859375 0.505859375 0.091796875 0.05078125
 0 0.912109375 0.501953125 0.0390625 0.05078125