
 1 0.0126953125 0.53125 0.025390625 0.08984375
 1 0.9287109375 0.46484375 0.041015625 0.1484375
 1 0.9033203125 0.5400390625 0.076171875 0.134765625
 1 0.978515625 0.4765625 0.04296875 0.16796875
 1 0.9677734375 0.4970703125 0.056640625 0.177734375
 0 0.1123046875 0.560546875 0.091796875 0.09375
 0 0.1845703125 0.5400390625 0.052734375 0.076171875
 0 0.2373046875 0.541015625 0.044921875 0.06640625
 0 0.4013671875 0.5419921875 0.095703125 0.107421875
 0 0.44921875 0.515625 0.03515625 0.046875
 0 0.6494140625 0.552734375 0.126953125 0.140625
 1 0.6552734375 0.4765625 0.021484375 0.04296875
 1 0.6953125 0.4716796875 0.0234375 0.052734375