
 0 0.1220703125 0.5380859375 0.052734375 0.060546875
 0 0.1591796875 0.5361328125 0.044921875 0.060546875
 0 0.2138671875 0.529296875 0.033203125 0.04296875
 0 0.2548828125 0.5263671875 0.041015625 0.029296875
 0 0.2568359375 0.525390625 0.033203125 0.0390625
 0 0.37109375 0.5703125 0.203125 0.28125
 0 0.4619140625 0.5419921875 0.041015625 0.111328125
 0 0.5166015625 0.51953125 0.048828125 0.05859375
 0 0.515625 0.5224609375 0.0390625 0.056640625
 1 0.529296875 0.51953125 0.0234375 0.078125
 1 0.5283203125 0.51953125 0.017578125 0.0703125
 0 0.6201171875 0.5029296875 0.056640625 0.056640625
 0 0.849609375 0.5849609375 0.296875 0.357421875
 0 0.9404296875 0.65625 0.115234375 0.43359375