
 1 0.0556640625 0.55078125 0.025390625 0.1015625
 1 0.0546875 0.5439453125 0.0234375 0.095703125
 0 0.1123046875 0.560546875 0.095703125 0.10546875
 0 0.2060546875 0.556640625 0.111328125 0.125
 0 0.2705078125 0.53125 0.044921875 0.109375
 0 0.3759765625 0.5078125 0.041015625 0.02734375
 1 0.3974609375 0.505859375 0.021484375 0.0546875
 1 0.4111328125 0.505859375 0.013671875 0.046875
 0 0.435546875 0.50390625 0.02734375 0.05859375
 0 0.4951171875 0.5185546875 0.080078125 0.115234375
 1 0.68359375 0.4921875 0.02734375 0.11328125
 1 0.7119140625 0.49609375 0.033203125 0.15234375