
 0 0.1494140625 0.537109375 0.052734375 0.0546875
 0 0.146484375 0.5322265625 0.04296875 0.056640625
 0 0.58984375 0.50390625 0.06640625 0.046875
 0 0.6337890625 0.50390625 0.025390625 0.04296875
 0 0.673828125 0.5009765625 0.05859375 0.048828125
 0 0.677734375 0.501953125 0.0625 0.04296875
 0 0.7724609375 0.4912109375 0.064453125 0.083984375
 0 0.841796875 0.5078125 0.09765625 0.08984375
 0 0.8408203125 0.5087890625 0.091796875 0.083984375
 0 0.92578125 0.5029296875 0.08203125 0.064453125
 0 0.935546875 0.50390625 0.09765625 0.0703125