
 0 0.0546875 0.5400390625 0.0390625 0.052734375
 0 0.177734375 0.5185546875 0.046875 0.052734375
 4 0.166015625 0.3466796875 0.015625 0.052734375
 0 0.248046875 0.5185546875 0.0390625 0.048828125
 4 0.2509765625 0.349609375 0.017578125 0.05078125
 0 0.279296875 0.5146484375 0.0390625 0.056640625
 0 0.396484375 0.525390625 0.1171875 0.18359375
 4 0.3623046875 0.4287109375 0.017578125 0.048828125
 0 0.544921875 0.4970703125 0.1015625 0.095703125
 0 0.6103515625 0.560546875 0.154296875 0.1328125
 4 0.6259765625 0.3388671875 0.025390625 0.083984375
 1 0.6767578125 0.5107421875 0.025390625 0.099609375
 0 0.8330078125 0.603515625 0.330078125 0.27734375