
 0 0.0224609375 0.5859375 0.044921875 0.11328125
 0 0.0869140625 0.5634765625 0.099609375 0.083984375
 0 0.087890625 0.5615234375 0.09765625 0.087890625
 0 0.0927734375 0.544921875 0.072265625 0.0546875
 0 0.1708984375 0.541015625 0.076171875 0.0703125
 0 0.3251953125 0.5498046875 0.037109375 0.044921875
 0 0.4140625 0.55859375 0.0859375 0.12109375
 4 0.41015625 0.44921875 0.01171875 0.02734375
 4 0.4482421875 0.455078125 0.009765625 0.03125
 0 0.9189453125 0.501953125 0.158203125 0.16796875