
 0 0.1181640625 0.5380859375 0.064453125 0.072265625
 0 0.1591796875 0.54296875 0.111328125 0.12890625
 0 0.330078125 0.650390625 0.32421875 0.41015625
 4 0.28125 0.2763671875 0.01953125 0.052734375
 4 0.3916015625 0.287109375 0.013671875 0.05859375
 1 0.548828125 0.51171875 0.01171875 0.0546875
 4 0.564453125 0.408203125 0.015625 0.0546875
 1 0.56640625 0.517578125 0.015625 0.0703125
 1 0.576171875 0.5185546875 0.01171875 0.056640625
 2 0.66015625 0.525390625 0.02734375 0.0859375
 0 0.8564453125 0.525390625 0.177734375 0.09765625
 0 0.9716796875 0.5146484375 0.056640625 0.087890625