
 0 0.8681640625 0.595703125 0.263671875 0.30078125
 0 0.13671875 0.5126953125 0.08203125 0.080078125
 0 0.13671875 0.5068359375 0.078125 0.072265625
 0 0.23046875 0.5029296875 0.07421875 0.064453125
 0 0.232421875 0.501953125 0.0625 0.05859375
 0 0.3095703125 0.4951171875 0.033203125 0.044921875
 0 0.3134765625 0.4912109375 0.033203125 0.044921875
 0 0.4091796875 0.490234375 0.056640625 0.078125
 0 0.5615234375 0.5029296875 0.048828125 0.068359375
 0 0.6220703125 0.4833984375 0.083984375 0.060546875
 0 0.7255859375 0.564453125 0.146484375 0.18359375
 0 0.7236328125 0.5556640625 0.119140625 0.166015625