
 0 0.0166015625 0.53125 0.029296875 0.046875
 4 0.0625 0.4423828125 0.01953125 0.041015625
 4 0.064453125 0.4609375 0.015625 0.046875
 0 0.1279296875 0.5205078125 0.033203125 0.044921875
 0 0.173828125 0.515625 0.03515625 0.04296875
 0 0.220703125 0.509765625 0.046875 0.0546875
 4 0.2138671875 0.369140625 0.017578125 0.0546875
 0 0.427734375 0.5810546875 0.390625 0.548828125
 0 0.265625 0.509765625 0.046875 0.08984375
 4 0.5849609375 0.36328125 0.033203125 0.05859375
 0 0.6650390625 0.53515625 0.107421875 0.10546875
 0 0.6767578125 0.486328125 0.041015625 0.0703125
 1 0.76953125 0.5263671875 0.0703125 0.189453125
 1 0.763671875 0.525390625 0.03515625 0.14453125
 0 0.935546875 0.66796875 0.125 0.30859375