
 0 0.0634765625 0.619140625 0.126953125 0.359375
 0 0.1259765625 0.5419921875 0.060546875 0.076171875
 0 0.17578125 0.5400390625 0.05078125 0.052734375
 0 0.3251953125 0.6572265625 0.322265625 0.412109375
 4 0.2783203125 0.28125 0.025390625 0.06640625
 4 0.3896484375 0.2861328125 0.025390625 0.076171875
 1 0.490234375 0.5263671875 0.0234375 0.068359375
 1 0.5478515625 0.521484375 0.021484375 0.07421875
 1 0.5458984375 0.5244140625 0.017578125 0.072265625
 4 0.564453125 0.4140625 0.02734375 0.07421875
 1 0.5654296875 0.515625 0.013671875 0.078125
 1 0.5771484375 0.5185546875 0.017578125 0.080078125
 1 0.5947265625 0.515625 0.025390625 0.08203125
 2 0.6279296875 0.5283203125 0.033203125 0.091796875
 2 0.654296875 0.52734375 0.03125 0.08984375
 1 0.6865234375 0.5263671875 0.021484375 0.083984375
 1 0.7021484375 0.5263671875 0.021484375 0.087890625
 1 0.724609375 0.521484375 0.01953125 0.0859375
 1 0.8115234375 0.5205078125 0.037109375 0.134765625
 0 0.9501953125 0.51953125 0.095703125 0.0859375
 1 0.916015625 0.5 0.0234375 0.05859375
 1 0.939453125 0.4921875 0.015625 0.0546875