
 0 0.0556640625 0.53515625 0.037109375 0.0390625
 0 0.8720703125 0.5126953125 0.255859375 0.185546875
 0 0.2421875 0.51171875 0.10546875 0.109375
 0 0.3125 0.5009765625 0.0546875 0.060546875
 0 0.3525390625 0.4951171875 0.029296875 0.056640625
 0 0.3505859375 0.494140625 0.025390625 0.046875
 4 0.3916015625 0.416015625 0.013671875 0.04296875
 0 0.4326171875 0.48828125 0.029296875 0.03515625
 4 0.4462890625 0.380859375 0.013671875 0.04296875
 4 0.5478515625 0.43359375 0.017578125 0.04296875
 4 0.5458984375 0.439453125 0.013671875 0.02734375
 4 0.591796875 0.423828125 0.015625 0.0390625