
 0 0.0986328125 0.556640625 0.052734375 0.05078125
 0 0.208984375 0.5537109375 0.0546875 0.048828125
 0 0.3125 0.54296875 0.0625 0.046875
 4 0.3740234375 0.431640625 0.013671875 0.03125
 0 0.416015625 0.5361328125 0.03515625 0.041015625
 4 0.4228515625 0.4326171875 0.013671875 0.037109375
 0 0.4638671875 0.5322265625 0.037109375 0.060546875
 4 0.4677734375 0.443359375 0.013671875 0.03125
 0 0.5078125 0.54296875 0.05078125 0.0703125
 0 0.537109375 0.51953125 0.046875 0.0703125
 4 0.525390625 0.4814453125 0.015625 0.033203125
 0 0.6123046875 0.52734375 0.044921875 0.04296875
 4 0.619140625 0.462890625 0.01953125 0.05078125
 0 0.70703125 0.5537109375 0.10546875 0.111328125