
 0 0.05078125 0.5576171875 0.1015625 0.126953125
 3 0.109375 0.5048828125 0.10546875 0.103515625
 3 0.107421875 0.5087890625 0.08984375 0.099609375
 0 0.1865234375 0.5595703125 0.130859375 0.142578125
 0 0.341796875 0.5546875 0.19921875 0.265625
 4 0.326171875 0.33984375 0.01953125 0.04296875
 4 0.4150390625 0.3330078125 0.013671875 0.041015625
 0 0.5126953125 0.5224609375 0.138671875 0.111328125
 0 0.509765625 0.5224609375 0.12890625 0.080078125
 4 0.4873046875 0.3369140625 0.013671875 0.041015625
 0 0.669921875 0.5546875 0.14453125 0.15625
 4 0.6611328125 0.419921875 0.017578125 0.046875
 4 0.6591796875 0.4169921875 0.013671875 0.033203125
 0 0.78125 0.517578125 0.1171875 0.0625
 4 0.83203125 0.294921875 0.03515625 0.10546875
 1 0.88671875 0.52734375 0.02734375 0.09765625
 0 0.939453125 0.548828125 0.11328125 0.296875