
 4 0.095703125 0.2421875 0.01953125 0.06640625
 4 0.201171875 0.2158203125 0.01953125 0.072265625
 0 0.0166015625 0.5556640625 0.029296875 0.095703125
 0 0.0771484375 0.5595703125 0.052734375 0.072265625
 0 0.13671875 0.5458984375 0.08984375 0.091796875
 0 0.333984375 0.537109375 0.109375 0.15234375
 4 0.3037109375 0.240234375 0.025390625 0.08203125
 4 0.302734375 0.240234375 0.01953125 0.078125
 4 0.470703125 0.373046875 0.02734375 0.078125
 4 0.4736328125 0.3876953125 0.017578125 0.052734375
 0 0.6474609375 0.5234375 0.126953125 0.1171875
 0 0.7646484375 0.5166015625 0.166015625 0.115234375
 0 0.8486328125 0.49609375 0.087890625 0.08203125