
 3 0.166015625 0.4619140625 0.12109375 0.212890625
 0 0.259765625 0.54296875 0.0859375 0.078125
 1 0.3779296875 0.525390625 0.013671875 0.046875
 1 0.3798828125 0.5302734375 0.013671875 0.052734375
 1 0.3916015625 0.52734375 0.013671875 0.046875
 2 0.4765625 0.517578125 0.01171875 0.04296875
 0 0.54296875 0.5234375 0.03515625 0.0546875
 2 0.53515625 0.5302734375 0.015625 0.060546875
 1 0.6474609375 0.5224609375 0.021484375 0.080078125
 0 0.9326171875 0.509765625 0.115234375 0.05859375