
 0 0.048828125 0.5703125 0.09765625 0.2109375
 0 0.052734375 0.56640625 0.10546875 0.1953125
 0 0.107421875 0.564453125 0.09375 0.1953125
 0 0.126953125 0.52734375 0.07421875 0.13671875
 0 0.1416015625 0.5283203125 0.041015625 0.134765625
 0 0.19140625 0.5244140625 0.07421875 0.111328125
 0 0.189453125 0.5302734375 0.06640625 0.115234375
 0 0.29296875 0.513671875 0.09375 0.078125
 1 0.2890625 0.5009765625 0.02734375 0.119140625
 1 0.2900390625 0.5 0.021484375 0.12109375
 1 0.3203125 0.50390625 0.01953125 0.1015625
 1 0.322265625 0.5029296875 0.01953125 0.119140625
 3 0.3486328125 0.5068359375 0.021484375 0.080078125
 3 0.3720703125 0.49609375 0.068359375 0.078125
 1 0.4404296875 0.546875 0.044921875 0.33203125
 3 0.4462890625 0.478515625 0.048828125 0.109375
 1 0.486328125 0.546875 0.07421875 0.32421875
 0 0.501953125 0.51171875 0.046875 0.05859375
 0 0.5 0.5126953125 0.04296875 0.056640625
 3 0.5107421875 0.453125 0.052734375 0.08984375
 1 0.708984375 0.490234375 0.02734375 0.1328125
 1 0.712890625 0.4970703125 0.01953125 0.134765625
 1 0.720703125 0.4951171875 0.015625 0.126953125
 0 0.9541015625 0.5810546875 0.091796875 0.224609375