
 0 0.060546875 0.5107421875 0.12109375 0.189453125
 4 0.072265625 0.0859375 0.109375 0.15625
 0 0.1767578125 0.498046875 0.099609375 0.05859375
 0 0.279296875 0.5146484375 0.10546875 0.103515625
 0 0.4033203125 0.498046875 0.064453125 0.06640625
 0 0.404296875 0.498046875 0.05859375 0.046875
 0 0.4541015625 0.5009765625 0.029296875 0.033203125
 0 0.4814453125 0.5009765625 0.021484375 0.033203125
 0 0.4814453125 0.501953125 0.021484375 0.03125
 4 0.5703125 0.0283203125 0.02734375 0.056640625
 4 0.56640625 0.3603515625 0.015625 0.052734375
 4 0.65234375 0.35546875 0.015625 0.04296875
 2 0.705078125 0.484375 0.01953125 0.05078125
 4 0.7265625 0.4130859375 0.015625 0.044921875
 0 0.826171875 0.4990234375 0.13671875 0.166015625
 4 0.80078125 0.0751953125 0.02734375 0.091796875
 0 0.9404296875 0.5009765625 0.103515625 0.138671875