
 0 0.0634765625 0.5107421875 0.076171875 0.068359375
 0 0.1923828125 0.5029296875 0.123046875 0.123046875
 4 0.1435546875 0.232421875 0.021484375 0.06640625
 0 0.388671875 0.6708984375 0.4765625 0.533203125
 4 0.3095703125 0.22265625 0.021484375 0.0703125
 4 0.4501953125 0.236328125 0.021484375 0.08203125
 4 0.6689453125 0.36328125 0.025390625 0.05859375
 4 0.6689453125 0.3505859375 0.013671875 0.037109375
 4 0.955078125 0.0791015625 0.07421875 0.150390625
 4 0.9521484375 0.0654296875 0.041015625 0.130859375