
 0 0.1435546875 0.521484375 0.103515625 0.0859375
 0 0.1259765625 0.4814453125 0.025390625 0.033203125
 4 0.1533203125 0.4736328125 0.029296875 0.072265625
 3 0.224609375 0.49609375 0.1015625 0.18359375
 4 0.3115234375 0.435546875 0.017578125 0.046875
 4 0.3115234375 0.435546875 0.013671875 0.04296875
 0 0.3271484375 0.462890625 0.021484375 0.0234375
 0 0.337890625 0.4775390625 0.01953125 0.048828125
 0 0.3662109375 0.5078125 0.052734375 0.0859375
 0 0.375 0.4638671875 0.02734375 0.021484375
 0 0.3759765625 0.4521484375 0.017578125 0.025390625
 0 0.427734375 0.5263671875 0.09375 0.138671875
 0 0.474609375 0.4716796875 0.03515625 0.044921875
 0 0.4775390625 0.4697265625 0.033203125 0.044921875
 4 0.494140625 0.3271484375 0.015625 0.048828125
 4 0.494140625 0.3271484375 0.015625 0.044921875
 0 0.5126953125 0.486328125 0.033203125 0.03125
 0 0.5576171875 0.4921875 0.048828125 0.046875
 4 0.6064453125 0.4091796875 0.013671875 0.033203125
 1 0.6083984375 0.4765625 0.017578125 0.06640625
 0 0.7197265625 0.4951171875 0.099609375 0.052734375