
 0 0.1337890625 0.498046875 0.064453125 0.04296875
 0 0.1318359375 0.49609375 0.056640625 0.0390625
 2 0.1884765625 0.490234375 0.029296875 0.0390625
 4 0.2548828125 0.43359375 0.013671875 0.03125
 0 0.35546875 0.4892578125 0.0546875 0.056640625
 4 0.3701171875 0.38671875 0.009765625 0.03125
 0 0.3896484375 0.484375 0.037109375 0.04296875
 0 0.3876953125 0.4765625 0.029296875 0.0390625
 4 0.4228515625 0.3779296875 0.013671875 0.037109375
 4 0.4208984375 0.3779296875 0.009765625 0.029296875
 4 0.51953125 0.39453125 0.015625 0.04296875
 0 0.6044921875 0.466796875 0.076171875 0.0546875
 1 0.5888671875 0.4755859375 0.025390625 0.076171875