
 1 0.8701171875 0.51171875 0.056640625 0.24609375
 1 0.083984375 0.5029296875 0.01171875 0.044921875
 1 0.1025390625 0.501953125 0.017578125 0.05078125
 0 0.1484375 0.501953125 0.03515625 0.0390625
 0 0.3759765625 0.541015625 0.115234375 0.1484375
 0 0.466796875 0.498046875 0.046875 0.04296875
 1 0.525390625 0.51171875 0.0390625 0.09375
 0 0.5263671875 0.509765625 0.041015625 0.0546875
 0 0.6025390625 0.5087890625 0.126953125 0.083984375
 1 0.7294921875 0.4892578125 0.021484375 0.087890625
 1 0.7568359375 0.4873046875 0.021484375 0.087890625