
 0 0.5205078125 0.5361328125 0.130859375 0.072265625
 0 0.044921875 0.529296875 0.0859375 0.15234375
 0 0.0576171875 0.5478515625 0.083984375 0.220703125
 0 0.0947265625 0.580078125 0.126953125 0.171875
 0 0.28515625 0.5888671875 0.32421875 0.416015625
 4 0.31640625 0.328125 0.01953125 0.05859375
 4 0.4130859375 0.326171875 0.021484375 0.05078125
 4 0.4912109375 0.328125 0.021484375 0.05859375
 3 0.634765625 0.4873046875 0.1328125 0.119140625
 0 0.685546875 0.4853515625 0.23046875 0.103515625
 0 0.7998046875 0.6328125 0.376953125 0.3671875
 0 0.63671875 0.54296875 0.046875 0.1171875
 4 0.6787109375 0.41796875 0.017578125 0.05078125
 4 0.9296875 0.255859375 0.0546875 0.16015625
 0 0.9580078125 0.51171875 0.080078125 0.05859375
 1 0.94921875 0.5126953125 0.02734375 0.056640625