
 0 0.7900390625 0.5478515625 0.193359375 0.189453125
 0 0.9091796875 0.5986328125 0.181640625 0.458984375
 0 0.3740234375 0.4853515625 0.041015625 0.052734375
 0 0.373046875 0.494140625 0.03125 0.04296875
 4 0.4091796875 0.3935546875 0.013671875 0.025390625
 0 0.435546875 0.486328125 0.03515625 0.046875
 0 0.458984375 0.48828125 0.03125 0.046875
 4 0.4541015625 0.40625 0.013671875 0.0234375
 4 0.48828125 0.41015625 0.01171875 0.02734375
 0 0.5029296875 0.4814453125 0.033203125 0.037109375
 4 0.5546875 0.44921875 0.01171875 0.02734375
 4 0.599609375 0.4228515625 0.01953125 0.056640625
 4 0.6005859375 0.4296875 0.017578125 0.03125
 0 0.625 0.51171875 0.06640625 0.08203125
 0 0.685546875 0.5283203125 0.109375 0.162109375