
 0 0.513671875 0.4892578125 0.01953125 0.017578125
 0 0.4873046875 0.48828125 0.025390625 0.015625
 0 0.4541015625 0.4892578125 0.009765625 0.013671875
 0 0.3154296875 0.5 0.048828125 0.02734375
 0 0.2314453125 0.5048828125 0.064453125 0.068359375
 0 0.2685546875 0.5048828125 0.052734375 0.037109375
 0 0.3701171875 0.521484375 0.087890625 0.10546875
 1 0.5751953125 0.490234375 0.017578125 0.0625
 0 0.810546875 0.462890625 0.01953125 0.03125
 0 0.892578125 0.46484375 0.046875 0.03515625
 0 0.9423828125 0.4609375 0.052734375 0.04296875