
 0 0.1005859375 0.55078125 0.080078125 0.08984375
 0 0.126953125 0.505859375 0.078125 0.05078125
 3 0.265625 0.4814453125 0.125 0.201171875
 0 0.3486328125 0.5263671875 0.041015625 0.037109375
 0 0.384765625 0.517578125 0.03515625 0.03515625
 4 0.4228515625 0.3203125 0.021484375 0.0625
 4 0.5009765625 0.318359375 0.025390625 0.06640625
 4 0.64453125 0.416015625 0.02734375 0.0703125
 3 0.9287109375 0.458984375 0.134765625 0.203125
 0 0.9443359375 0.759765625 0.091796875 0.4296875
 0 0.94921875 0.763671875 0.09765625 0.46875