
 0 0.26171875 0.5322265625 0.09765625 0.138671875
 0 0.3173828125 0.537109375 0.021484375 0.09375
 0 0.3330078125 0.53125 0.029296875 0.08203125
 0 0.3857421875 0.5302734375 0.048828125 0.060546875
 0 0.4580078125 0.5361328125 0.044921875 0.064453125
 0 0.4599609375 0.533203125 0.037109375 0.078125
 0 0.5009765625 0.53515625 0.056640625 0.12109375
 0 0.5048828125 0.5322265625 0.060546875 0.107421875
 0 0.5380859375 0.544921875 0.060546875 0.18359375
 0 0.5458984375 0.544921875 0.068359375 0.16796875
 0 0.587890625 0.57421875 0.07421875 0.2578125
 0 0.7919921875 0.638671875 0.357421875 0.37109375