
 3 0.064453125 0.484375 0.12890625 0.18359375
 0 0.11328125 0.5625 0.109375 0.11328125
 0 0.1787109375 0.4775390625 0.126953125 0.126953125
 0 0.2861328125 0.625 0.298828125 0.3515625
 0 0.3837890625 0.498046875 0.158203125 0.26171875
 0 0.43359375 0.5205078125 0.078125 0.259765625
 0 0.509765625 0.5380859375 0.05859375 0.087890625
 0 0.53125 0.533203125 0.02734375 0.109375
 0 0.5712890625 0.5263671875 0.083984375 0.166015625
 0 0.654296875 0.5576171875 0.17578125 0.185546875
 3 0.748046875 0.4755859375 0.109375 0.197265625
 0 0.75390625 0.484375 0.109375 0.18359375