
 0 0.068359375 0.568359375 0.09765625 0.09765625
 0 0.0576171875 0.5703125 0.072265625 0.1015625
 0 0.095703125 0.544921875 0.0703125 0.0546875
 0 0.12890625 0.5615234375 0.078125 0.087890625
 0 0.1337890625 0.5625 0.083984375 0.0859375
 0 0.2001953125 0.54296875 0.076171875 0.0703125
 0 0.328125 0.5498046875 0.03515625 0.041015625
 0 0.41015625 0.560546875 0.08984375 0.1171875
 4 0.4072265625 0.4541015625 0.009765625 0.029296875
 4 0.443359375 0.4560546875 0.0078125 0.029296875
 0 0.875 0.4912109375 0.203125 0.138671875
 0 0.8779296875 0.50390625 0.201171875 0.13671875