
 0 0.0390625 0.5537109375 0.078125 0.087890625
 0 0.11328125 0.5380859375 0.078125 0.087890625
 0 0.220703125 0.5224609375 0.05078125 0.056640625
 0 0.4140625 0.5166015625 0.04296875 0.064453125
 0 0.4755859375 0.5185546875 0.033203125 0.041015625
 0 0.494140625 0.5029296875 0.0234375 0.029296875
 0 0.521484375 0.521484375 0.0625 0.08203125
 0 0.5908203125 0.5205078125 0.041015625 0.056640625
 0 0.6240234375 0.5224609375 0.021484375 0.056640625
 0 0.6533203125 0.5205078125 0.048828125 0.060546875
 0 0.6552734375 0.5146484375 0.048828125 0.060546875
 0 0.734375 0.5322265625 0.0390625 0.064453125
 0 0.78515625 0.52734375 0.08203125 0.10546875
 0 0.8623046875 0.5400390625 0.126953125 0.091796875
 0 0.8779296875 0.4853515625 0.068359375 0.037109375