
 4 0.16015625 0.3203125 0.01953125 0.0546875
 0 0.212890625 0.521484375 0.1015625 0.05859375
 0 0.30078125 0.525390625 0.0625 0.0859375
 0 0.3046875 0.5263671875 0.06640625 0.091796875
 0 0.2880859375 0.5126953125 0.017578125 0.021484375
 4 0.30078125 0.3896484375 0.015625 0.037109375
 0 0.341796875 0.513671875 0.0234375 0.05078125
 0 0.3974609375 0.541015625 0.119140625 0.1328125
 4 0.3564453125 0.3515625 0.017578125 0.0390625
 4 0.3876953125 0.41796875 0.009765625 0.0234375
 4 0.41796875 0.4404296875 0.015625 0.033203125
 0 0.4658203125 0.501953125 0.029296875 0.0546875
 0 0.4677734375 0.5126953125 0.033203125 0.037109375
 4 0.494140625 0.4091796875 0.01953125 0.037109375
 0 0.5439453125 0.521484375 0.056640625 0.06640625
 0 0.5380859375 0.5234375 0.044921875 0.0546875
 0 0.5947265625 0.51953125 0.033203125 0.03515625
 3 0.646484375 0.509765625 0.06640625 0.10546875
 3 0.6513671875 0.5107421875 0.076171875 0.103515625
 4 0.7119140625 0.42578125 0.013671875 0.04296875
 0 0.8486328125 0.5478515625 0.115234375 0.123046875
 0 0.9033203125 0.5810546875 0.185546875 0.220703125