
 0 0.3330078125 0.5205078125 0.072265625 0.080078125
 0 0.375 0.5048828125 0.04296875 0.068359375
 0 0.37890625 0.5048828125 0.02734375 0.056640625
 0 0.41015625 0.501953125 0.03515625 0.05078125
 0 0.41015625 0.4990234375 0.03515625 0.052734375
 0 0.4794921875 0.4931640625 0.033203125 0.052734375
 0 0.509765625 0.4892578125 0.03125 0.044921875
 0 0.591796875 0.50390625 0.03125 0.0703125
 0 0.6328125 0.5107421875 0.06640625 0.087890625
 1 0.705078125 0.5126953125 0.03515625 0.103515625
 0 0.791015625 0.5712890625 0.1875 0.201171875