
 0 0.3056640625 0.5283203125 0.041015625 0.025390625
 0 0.39453125 0.5234375 0.01953125 0.03125
 4 0.4072265625 0.4248046875 0.009765625 0.025390625
 0 0.4599609375 0.5302734375 0.044921875 0.052734375
 4 0.4482421875 0.431640625 0.009765625 0.01953125
 0 0.48828125 0.5205078125 0.01171875 0.037109375
 4 0.5302734375 0.4560546875 0.009765625 0.025390625
 3 0.587890625 0.4912109375 0.1171875 0.060546875
 1 0.5703125 0.5087890625 0.01171875 0.037109375
 0 0.869140625 0.4912109375 0.04296875 0.041015625