
 0 0.068359375 0.5615234375 0.13671875 0.158203125
 0 0.177734375 0.5556640625 0.10546875 0.119140625
 0 0.1748046875 0.546875 0.095703125 0.09375
 0 0.2685546875 0.5322265625 0.083984375 0.099609375
 0 0.2646484375 0.51953125 0.068359375 0.08984375
 0 0.3134765625 0.525390625 0.037109375 0.07421875
 0 0.3193359375 0.5234375 0.033203125 0.078125
 0 0.34765625 0.509765625 0.05078125 0.05859375
 0 0.3544921875 0.515625 0.041015625 0.06640625
 0 0.4892578125 0.509765625 0.048828125 0.08984375
 0 0.5478515625 0.517578125 0.021484375 0.05859375
 0 0.580078125 0.5166015625 0.07421875 0.080078125