
 4 0.2431640625 0.373046875 0.021484375 0.0546875
 0 0.2880859375 0.517578125 0.025390625 0.03125
 0 0.326171875 0.517578125 0.01953125 0.01953125
 0 0.3564453125 0.525390625 0.048828125 0.06640625
 0 0.3515625 0.5205078125 0.03515625 0.056640625
 4 0.3447265625 0.42578125 0.009765625 0.03515625
 0 0.380859375 0.517578125 0.015625 0.046875
 4 0.3837890625 0.39453125 0.017578125 0.0390625
 0 0.3984375 0.51953125 0.03515625 0.05078125
 4 0.400390625 0.4384765625 0.0078125 0.021484375
 0 0.4541015625 0.5458984375 0.107421875 0.123046875
 4 0.423828125 0.4521484375 0.015625 0.033203125
 0 0.4873046875 0.5087890625 0.021484375 0.029296875
 4 0.490234375 0.4306640625 0.01953125 0.037109375
 0 0.595703125 0.5361328125 0.0703125 0.068359375
 0 0.6025390625 0.533203125 0.072265625 0.078125
 0 0.5810546875 0.5146484375 0.021484375 0.041015625
 3 0.6455078125 0.5048828125 0.072265625 0.095703125
 3 0.6513671875 0.5087890625 0.076171875 0.103515625
 4 0.6494140625 0.4619140625 0.013671875 0.029296875
 0 0.888671875 0.5576171875 0.171875 0.123046875
 0 0.888671875 0.556640625 0.16015625 0.125