
 0 0.763671875 0.548828125 0.2890625 0.16796875
 0 0.103515625 0.5458984375 0.09375 0.087890625
 0 0.103515625 0.5478515625 0.09375 0.083984375
 0 0.2216796875 0.533203125 0.064453125 0.0625
 0 0.279296875 0.53125 0.06640625 0.0625
 0 0.279296875 0.5361328125 0.0625 0.064453125
 0 0.3212890625 0.525390625 0.037109375 0.046875
 3 0.515625 0.443359375 0.38671875 0.3203125
 4 0.421875 0.306640625 0.01953125 0.03515625
 4 0.5 0.296875 0.0234375 0.0234375
 0 0.939453125 0.7197265625 0.11328125 0.533203125
 0 0.943359375 0.6728515625 0.109375 0.439453125
 2 0.9345703125 0.515625 0.044921875 0.0859375