
 0 0.0517578125 0.533203125 0.103515625 0.16796875
 0 0.201171875 0.5234375 0.18359375 0.19140625
 4 0.25390625 0.328125 0.01953125 0.03125
 4 0.255859375 0.33984375 0.015625 0.046875
 0 0.486328125 0.6357421875 0.3828125 0.451171875
 0 0.3193359375 0.494140625 0.041015625 0.04296875
 4 0.310546875 0.33203125 0.01953125 0.05078125
 4 0.310546875 0.3251953125 0.01953125 0.029296875
 4 0.390625 0.3369140625 0.015625 0.044921875
 4 0.4501953125 0.333984375 0.021484375 0.046875
 4 0.572265625 0.388671875 0.01953125 0.03515625
 0 0.8388671875 0.5146484375 0.142578125 0.169921875