
 0 0.25 0.4990234375 0.05859375 0.060546875
 0 0.3232421875 0.498046875 0.048828125 0.04296875
 0 0.3251953125 0.50390625 0.048828125 0.046875
 4 0.3369140625 0.45703125 0.025390625 0.05859375
 4 0.3349609375 0.447265625 0.017578125 0.05078125
 0 0.3916015625 0.48828125 0.060546875 0.0390625
 0 0.435546875 0.5029296875 0.046875 0.048828125
 0 0.4345703125 0.4970703125 0.037109375 0.041015625
 4 0.458984375 0.306640625 0.015625 0.03515625
 4 0.458984375 0.310546875 0.015625 0.0390625
 0 0.462890625 0.4970703125 0.01953125 0.033203125
 0 0.4970703125 0.5078125 0.072265625 0.09765625
 4 0.4873046875 0.4150390625 0.017578125 0.041015625
 4 0.5390625 0.419921875 0.015625 0.0390625
 4 0.54296875 0.4169921875 0.015625 0.041015625
 4 0.548828125 0.3359375 0.01953125 0.046875
 4 0.546875 0.333984375 0.015625 0.04296875
 0 0.56640625 0.505859375 0.046875 0.09375
 0 0.55859375 0.509765625 0.02734375 0.08203125
 0 0.5908203125 0.513671875 0.044921875 0.0859375
 0 0.5849609375 0.521484375 0.025390625 0.078125
 4 0.5849609375 0.447265625 0.009765625 0.02734375
 0 0.630859375 0.5283203125 0.078125 0.095703125
 0 0.6162109375 0.53125 0.037109375 0.09375
 0 0.716796875 0.54296875 0.16015625 0.140625
 4 0.6474609375 0.4208984375 0.017578125 0.052734375
 4 0.6484375 0.416015625 0.015625 0.04296875
 4 0.6923828125 0.41015625 0.021484375 0.05859375
 4 0.6923828125 0.390625 0.017578125 0.03515625
 1 0.9931640625 0.51171875 0.013671875 0.078125