
 1 0.5048828125 0.53125 0.013671875 0.05859375
 1 0.498046875 0.5400390625 0.01171875 0.037109375
 0 0.0908203125 0.5986328125 0.181640625 0.251953125
 0 0.1982421875 0.537109375 0.064453125 0.06640625
 0 0.1943359375 0.5361328125 0.048828125 0.052734375
 0 0.26953125 0.5302734375 0.05078125 0.068359375
 0 0.2685546875 0.5283203125 0.048828125 0.052734375
 1 0.4306640625 0.533203125 0.017578125 0.0625
 1 0.4306640625 0.53125 0.017578125 0.05859375
 1 0.4453125 0.5302734375 0.015625 0.064453125
 1 0.4501953125 0.54296875 0.013671875 0.046875
 1 0.4833984375 0.533203125 0.021484375 0.05859375
 1 0.6689453125 0.5244140625 0.037109375 0.099609375
 1 0.701171875 0.5224609375 0.02734375 0.123046875
 1 0.7041015625 0.51953125 0.029296875 0.10546875