
 0 0.0400390625 0.5 0.080078125 0.1171875
 0 0.25 0.4990234375 0.03515625 0.041015625
 0 0.3076171875 0.49609375 0.033203125 0.04296875
 4 0.3408203125 0.1845703125 0.037109375 0.111328125
 0 0.3447265625 0.4921875 0.025390625 0.03515625
 0 0.5029296875 0.5361328125 0.130859375 0.177734375
 4 0.5439453125 0.181640625 0.033203125 0.09375
 0 0.6171875 0.4697265625 0.03515625 0.056640625
 0 0.615234375 0.470703125 0.02734375 0.05859375
 0 0.7705078125 0.5205078125 0.201171875 0.248046875
 4 0.7451171875 0.216796875 0.033203125 0.09765625
 4 0.9267578125 0.337890625 0.044921875 0.09375