
 0 0.1630859375 0.525390625 0.068359375 0.0859375
 4 0.208984375 0.392578125 0.0234375 0.046875
 4 0.2109375 0.3994140625 0.01953125 0.060546875
 4 0.2255859375 0.3330078125 0.025390625 0.064453125
 4 0.224609375 0.3466796875 0.01953125 0.037109375
 0 0.265625 0.5380859375 0.08984375 0.095703125
 0 0.3408203125 0.5263671875 0.044921875 0.048828125
 0 0.400390625 0.521484375 0.03515625 0.05078125
 4 0.4072265625 0.3056640625 0.021484375 0.048828125
 4 0.41015625 0.2939453125 0.0234375 0.064453125
 4 0.546875 0.40625 0.015625 0.04296875
 4 0.55078125 0.4033203125 0.015625 0.044921875
 4 0.6728515625 0.4326171875 0.025390625 0.037109375
 0 0.8505859375 0.5234375 0.193359375 0.125