
 0 0.0341796875 0.6103515625 0.068359375 0.150390625
 0 0.86328125 0.6435546875 0.2734375 0.712890625
 0 0.150390625 0.572265625 0.11328125 0.1328125
 0 0.1455078125 0.5244140625 0.052734375 0.037109375
 0 0.2412109375 0.5556640625 0.076171875 0.076171875
 0 0.275390625 0.54296875 0.03515625 0.08203125
 0 0.2802734375 0.548828125 0.033203125 0.0703125
 0 0.2998046875 0.537109375 0.048828125 0.0703125
 0 0.357421875 0.54296875 0.0546875 0.0625
 3 0.4033203125 0.509765625 0.021484375 0.04296875
 0 0.5283203125 0.5390625 0.037109375 0.0703125
 0 0.599609375 0.572265625 0.125 0.140625