
 1 0.9345703125 0.48828125 0.052734375 0.296875
 1 0.88671875 0.5009765625 0.03515625 0.193359375
 0 0.072265625 0.537109375 0.03515625 0.0390625
 4 0.0966796875 0.404296875 0.017578125 0.04296875
 0 0.1748046875 0.537109375 0.048828125 0.07421875
 4 0.2060546875 0.4169921875 0.017578125 0.033203125
 4 0.2060546875 0.4111328125 0.017578125 0.037109375
 0 0.21875 0.5419921875 0.02734375 0.041015625
 3 0.2841796875 0.4990234375 0.087890625 0.169921875
 0 0.3544921875 0.568359375 0.099609375 0.10546875
 2 0.41796875 0.529296875 0.01953125 0.09375
 2 0.4384765625 0.5283203125 0.025390625 0.080078125
 1 0.4521484375 0.525390625 0.017578125 0.078125
 1 0.98046875 0.4970703125 0.03515625 0.240234375