
 0 0.0400390625 0.556640625 0.056640625 0.04296875
 0 0.1484375 0.5302734375 0.0703125 0.064453125
 0 0.1484375 0.533203125 0.0625 0.0546875
 0 0.3173828125 0.52734375 0.052734375 0.0625
 0 0.34765625 0.525390625 0.0234375 0.0390625
 0 0.3955078125 0.5166015625 0.037109375 0.044921875
 0 0.396484375 0.5234375 0.0234375 0.02734375
 0 0.4326171875 0.517578125 0.033203125 0.04296875
 0 0.494140625 0.52734375 0.046875 0.05078125
 0 0.5390625 0.529296875 0.0390625 0.05078125
 0 0.5380859375 0.5263671875 0.033203125 0.048828125
 0 0.5703125 0.53515625 0.046875 0.07421875
 0 0.61328125 0.541015625 0.07421875 0.08984375
 0 0.84765625 0.4970703125 0.1015625 0.076171875
 0 0.8642578125 0.5087890625 0.087890625 0.052734375
 0 0.919921875 0.5078125 0.1484375 0.07421875