
 1 0.0517578125 0.54296875 0.029296875 0.1171875
 1 0.0546875 0.541015625 0.02734375 0.09375
 0 0.123046875 0.5537109375 0.078125 0.103515625
 1 0.1162109375 0.564453125 0.021484375 0.1328125
 1 0.1201171875 0.5537109375 0.017578125 0.134765625
 1 0.1240234375 0.546875 0.025390625 0.125
 1 0.1455078125 0.5517578125 0.029296875 0.130859375
 1 0.1904296875 0.5458984375 0.037109375 0.146484375
 0 0.2275390625 0.548828125 0.080078125 0.1171875
 0 0.28125 0.529296875 0.01953125 0.0546875
 1 0.38671875 0.525390625 0.02734375 0.14453125
 1 0.3837890625 0.5322265625 0.021484375 0.126953125
 1 0.4111328125 0.5224609375 0.017578125 0.150390625
 0 0.4345703125 0.5205078125 0.052734375 0.064453125
 1 0.541015625 0.5087890625 0.0234375 0.095703125
 1 0.5615234375 0.5087890625 0.021484375 0.095703125
 1 0.5615234375 0.5048828125 0.013671875 0.083984375
 1 0.57421875 0.505859375 0.0234375 0.10546875
 4 0.58203125 0.3076171875 0.02734375 0.091796875
 1 0.658203125 0.5009765625 0.02734375 0.130859375
 0 0.8505859375 0.6796875 0.291015625 0.63671875
 1 0.83984375 0.4951171875 0.02734375 0.130859375
 1 0.8369140625 0.48828125 0.013671875 0.140625