
 0 0.9287109375 0.650390625 0.142578125 0.3203125
 0 0.2939453125 0.529296875 0.095703125 0.1015625
 0 0.3486328125 0.5166015625 0.052734375 0.068359375
 0 0.357421875 0.5185546875 0.03125 0.068359375
 0 0.396484375 0.50390625 0.0390625 0.05078125
 0 0.396484375 0.5029296875 0.03515625 0.056640625
 0 0.4755859375 0.498046875 0.033203125 0.0546875
 0 0.509765625 0.4990234375 0.03125 0.044921875
 0 0.6044921875 0.505859375 0.037109375 0.0703125
 0 0.6640625 0.515625 0.0859375 0.109375
 1 0.744140625 0.515625 0.03515625 0.10546875