
 1 0.0400390625 0.501953125 0.021484375 0.078125
 4 0.0888671875 0.31640625 0.021484375 0.08203125
 0 0.48046875 0.4951171875 0.01953125 0.029296875
 0 0.5439453125 0.4990234375 0.041015625 0.080078125
 0 0.5380859375 0.4970703125 0.017578125 0.056640625
 0 0.5751953125 0.52734375 0.044921875 0.078125
 0 0.5712890625 0.50390625 0.037109375 0.046875
 0 0.6123046875 0.5146484375 0.064453125 0.076171875
 4 0.6162109375 0.28125 0.025390625 0.08984375
 1 0.6259765625 0.533203125 0.029296875 0.1015625
 1 0.927734375 0.4990234375 0.03515625 0.154296875
 1 0.935546875 0.50390625 0.0390625 0.15625