
 0 0.0341796875 0.5302734375 0.068359375 0.169921875
 0 0.119140625 0.5224609375 0.140625 0.138671875
 0 0.130859375 0.525390625 0.140625 0.1171875
 0 0.2099609375 0.5 0.099609375 0.09765625
 0 0.21484375 0.5029296875 0.09765625 0.115234375
 0 0.3388671875 0.4990234375 0.052734375 0.068359375
 0 0.345703125 0.5 0.04296875 0.0625
 0 0.3759765625 0.4892578125 0.033203125 0.068359375
 0 0.5126953125 0.4931640625 0.076171875 0.115234375
 0 0.599609375 0.48046875 0.05078125 0.07421875
 0 0.6005859375 0.4853515625 0.044921875 0.060546875
 0 0.638671875 0.5 0.06640625 0.09765625