
 4 0.275390625 0.34375 0.02734375 0.08203125
 4 0.2744140625 0.3466796875 0.021484375 0.087890625
 0 0.412109375 0.5205078125 0.05078125 0.068359375
 0 0.4609375 0.5126953125 0.015625 0.025390625
 0 0.4775390625 0.515625 0.033203125 0.0390625
 0 0.51171875 0.5146484375 0.0625 0.083984375
 4 0.5283203125 0.16015625 0.029296875 0.09375
 4 0.5302734375 0.158203125 0.021484375 0.08203125
 0 0.8251953125 0.681640625 0.337890625 0.61328125
 4 0.6923828125 0.1337890625 0.021484375 0.076171875
 4 0.69140625 0.1376953125 0.01953125 0.087890625