
 3 0.0771484375 0.353515625 0.154296875 0.28125
 3 0.0791015625 0.359375 0.158203125 0.2578125
 0 0.048828125 0.537109375 0.09765625 0.19140625
 0 0.1962890625 0.52734375 0.197265625 0.2109375
 4 0.25390625 0.3349609375 0.01953125 0.048828125
 0 0.482421875 0.6552734375 0.38671875 0.478515625
 4 0.30859375 0.337890625 0.01953125 0.05078125
 4 0.3916015625 0.333984375 0.017578125 0.046875
 4 0.447265625 0.33984375 0.01953125 0.046875
 4 0.5712890625 0.4072265625 0.017578125 0.044921875
 0 0.650390625 0.4912109375 0.08984375 0.076171875
 0 0.658203125 0.4853515625 0.07421875 0.095703125
 0 0.8408203125 0.478515625 0.130859375 0.06640625