
 0 0.1669921875 0.5654296875 0.162109375 0.197265625
 0 0.369140625 0.619140625 0.234375 0.29296875
 4 0.2763671875 0.28125 0.025390625 0.06640625
 4 0.3876953125 0.2861328125 0.025390625 0.076171875
 1 0.482421875 0.53125 0.0234375 0.06640625
 4 0.564453125 0.4169921875 0.02734375 0.080078125
 1 0.5703125 0.5341796875 0.01953125 0.076171875
 1 0.5732421875 0.5361328125 0.021484375 0.080078125
 1 0.591796875 0.5322265625 0.01953125 0.080078125
 1 0.6064453125 0.5302734375 0.021484375 0.087890625
 1 0.6220703125 0.5322265625 0.025390625 0.091796875
 2 0.6494140625 0.533203125 0.021484375 0.09765625
 2 0.671875 0.5302734375 0.03125 0.111328125
 1 0.7099609375 0.537109375 0.025390625 0.09765625
 1 0.75 0.5771484375 0.07421875 0.224609375
 1 0.806640625 0.5263671875 0.0234375 0.103515625
 0 0.953125 0.5302734375 0.08984375 0.083984375