
 4 0.18359375 0.4619140625 0.01953125 0.041015625
 0 0.24609375 0.5400390625 0.09375 0.115234375
 4 0.3095703125 0.419921875 0.017578125 0.04296875
 4 0.359375 0.416015625 0.01953125 0.04296875
 4 0.3583984375 0.4189453125 0.013671875 0.037109375
 0 0.388671875 0.53515625 0.07421875 0.1015625
 0 0.4736328125 0.517578125 0.044921875 0.05078125
 0 0.517578125 0.509765625 0.0703125 0.0546875
 0 0.5166015625 0.509765625 0.060546875 0.0390625
 4 0.517578125 0.44140625 0.01953125 0.046875
 4 0.5185546875 0.4453125 0.017578125 0.03125