
 0 0.044921875 0.53125 0.08203125 0.09765625
 0 0.0712890625 0.544921875 0.072265625 0.08984375
 0 0.1533203125 0.5546875 0.126953125 0.10546875
 0 0.1884765625 0.5234375 0.037109375 0.03515625
 3 0.263671875 0.4677734375 0.1015625 0.197265625
 0 0.3720703125 0.5205078125 0.037109375 0.033203125
 4 0.421875 0.3212890625 0.01953125 0.064453125
 4 0.5 0.318359375 0.0234375 0.06640625
 4 0.64453125 0.4150390625 0.02734375 0.068359375
 3 0.8798828125 0.46484375 0.232421875 0.21484375
 0 0.939453125 0.720703125 0.11328125 0.53515625
 0 0.94140625 0.68359375 0.11328125 0.46875