
 0 0.10546875 0.5615234375 0.07421875 0.076171875
 0 0.2021484375 0.5517578125 0.068359375 0.068359375
 0 0.3349609375 0.6435546875 0.244140625 0.291015625
 0 0.248046875 0.5498046875 0.046875 0.064453125
 4 0.361328125 0.291015625 0.0234375 0.06640625
 1 0.4833984375 0.53125 0.017578125 0.05078125
 1 0.50390625 0.5146484375 0.03125 0.099609375
 4 0.5302734375 0.431640625 0.017578125 0.0546875
 2 0.595703125 0.58984375 0.10546875 0.359375
 2 0.615234375 0.5810546875 0.05859375 0.275390625