
 0 0.1220703125 0.5390625 0.072265625 0.07421875
 0 0.330078125 0.650390625 0.32421875 0.41015625
 4 0.28125 0.2763671875 0.01953125 0.052734375
 4 0.283203125 0.2744140625 0.01953125 0.060546875
 4 0.3916015625 0.287109375 0.013671875 0.05859375
 1 0.568359375 0.517578125 0.02734375 0.07421875
 4 0.564453125 0.408203125 0.015625 0.0546875
 0 0.65234375 0.529296875 0.17578125 0.09765625
 2 0.7861328125 0.5205078125 0.072265625 0.099609375
 2 0.7861328125 0.51953125 0.060546875 0.08984375
 0 0.9560546875 0.5146484375 0.083984375 0.087890625