
 0 0.12890625 0.4970703125 0.25390625 0.677734375
 3 0.1298828125 0.484375 0.251953125 0.6171875
 0 0.333984375 0.4951171875 0.046875 0.064453125
 0 0.4990234375 0.6279296875 0.330078125 0.435546875
 4 0.3515625 0.30078125 0.01953125 0.0703125
 4 0.47265625 0.2421875 0.01953125 0.0703125
 0 0.701171875 0.5 0.16015625 0.08203125
 0 0.7080078125 0.5009765625 0.150390625 0.091796875
 4 0.646484375 0.369140625 0.01953125 0.04296875
 2 0.6494140625 0.486328125 0.025390625 0.09765625
 0 0.8603515625 0.58984375 0.275390625 0.34765625
 4 0.9853515625 0.2314453125 0.025390625 0.087890625