
 4 0.228515625 0.4228515625 0.0234375 0.037109375
 0 0.3330078125 0.494140625 0.134765625 0.203125
 0 0.3369140625 0.5 0.103515625 0.14453125
 4 0.4267578125 0.3408203125 0.021484375 0.037109375
 4 0.4248046875 0.349609375 0.017578125 0.05078125
 0 0.5068359375 0.4775390625 0.087890625 0.072265625
 4 0.4873046875 0.3505859375 0.021484375 0.029296875
 4 0.4873046875 0.357421875 0.013671875 0.0390625
 4 0.5927734375 0.4140625 0.017578125 0.03515625
 0 0.7119140625 0.5107421875 0.150390625 0.166015625
 0 0.7099609375 0.51171875 0.134765625 0.12109375
 4 0.7421875 0.3310546875 0.02734375 0.068359375
 4 0.74609375 0.3359375 0.0234375 0.06640625