
 0 0.1103515625 0.5927734375 0.220703125 0.388671875
 0 0.279296875 0.48046875 0.09375 0.09765625
 0 0.357421875 0.4931640625 0.078125 0.087890625
 4 0.376953125 0.365234375 0.01171875 0.03515625
 0 0.427734375 0.4794921875 0.0390625 0.056640625
 4 0.4365234375 0.3642578125 0.013671875 0.037109375
 4 0.4775390625 0.37109375 0.013671875 0.03125
 0 0.48828125 0.48046875 0.03515625 0.0546875
 3 0.51953125 0.45703125 0.02734375 0.046875
 4 0.5576171875 0.4208984375 0.013671875 0.037109375
 0 0.6083984375 0.4912109375 0.080078125 0.095703125
 4 0.5830078125 0.40625 0.021484375 0.05078125
 4 0.5810546875 0.40625 0.013671875 0.03515625
 0 0.6142578125 0.49609375 0.072265625 0.0703125