
 0 0.970703125 0.646484375 0.05859375 0.15625
 0 0.056640625 0.5615234375 0.11328125 0.115234375
 1 0.8916015625 0.51953125 0.029296875 0.18359375
 1 0.8515625 0.5302734375 0.03515625 0.162109375
 0 0.1396484375 0.5390625 0.087890625 0.109375
 0 0.1474609375 0.53125 0.080078125 0.12890625
 0 0.201171875 0.5234375 0.05859375 0.078125
 0 0.2314453125 0.51953125 0.025390625 0.0703125
 0 0.25390625 0.51953125 0.0234375 0.0625
 0 0.4033203125 0.517578125 0.056640625 0.08984375
 0 0.458984375 0.53515625 0.09375 0.109375
 0 0.4560546875 0.53515625 0.076171875 0.09765625
 0 0.6083984375 0.5322265625 0.080078125 0.142578125
 0 0.7099609375 0.5615234375 0.162109375 0.158203125