
 0 0.0458984375 0.5673828125 0.091796875 0.130859375
 0 0.875 0.6064453125 0.25 0.412109375
 0 0.1181640625 0.560546875 0.060546875 0.0859375
 0 0.1591796875 0.552734375 0.048828125 0.08203125
 0 0.1630859375 0.552734375 0.041015625 0.07421875
 0 0.2001953125 0.546875 0.041015625 0.0703125
 0 0.234375 0.5400390625 0.046875 0.068359375
 0 0.240234375 0.537109375 0.05078125 0.078125
 0 0.32421875 0.5302734375 0.05078125 0.060546875
 0 0.5498046875 0.5341796875 0.064453125 0.080078125
 0 0.62890625 0.568359375 0.0625 0.125
 0 0.705078125 0.560546875 0.11328125 0.265625