
 3 0.0751953125 0.5048828125 0.150390625 0.154296875
 0 0.0751953125 0.625 0.150390625 0.30859375
 0 0.1611328125 0.5625 0.064453125 0.06640625
 0 0.3056640625 0.6552734375 0.330078125 0.423828125
 4 0.337890625 0.2509765625 0.0234375 0.076171875
 4 0.4658203125 0.283203125 0.021484375 0.0703125
 0 0.4990234375 0.5341796875 0.037109375 0.064453125
 0 0.501953125 0.537109375 0.03125 0.046875
 4 0.6416015625 0.3984375 0.021484375 0.06640625
 1 0.6533203125 0.5234375 0.017578125 0.08203125
 1 0.6689453125 0.5166015625 0.021484375 0.087890625
 0 0.8779296875 0.576171875 0.244140625 0.6796875