
 0 0.0625 0.5078125 0.125 0.10546875
 0 0.068359375 0.5087890625 0.13671875 0.083984375
 4 0.1298828125 0.3994140625 0.021484375 0.056640625
 4 0.130859375 0.400390625 0.015625 0.0546875
 0 0.3583984375 0.4970703125 0.150390625 0.177734375
 4 0.40234375 0.3486328125 0.015625 0.041015625
 0 0.4365234375 0.4853515625 0.037109375 0.064453125
 0 0.4384765625 0.4853515625 0.033203125 0.044921875
 0 0.494140625 0.5087890625 0.09765625 0.142578125
 4 0.4853515625 0.314453125 0.013671875 0.05078125
 0 0.6240234375 0.517578125 0.072265625 0.1171875
 0 0.630859375 0.5146484375 0.08203125 0.111328125
 4 0.6025390625 0.4013671875 0.017578125 0.037109375
 4 0.6064453125 0.400390625 0.017578125 0.04296875
 0 0.7353515625 0.5283203125 0.181640625 0.189453125
 4 0.7373046875 0.365234375 0.021484375 0.05859375
 4 0.7412109375 0.3544921875 0.021484375 0.041015625
 1 0.859375 0.490234375 0.03125 0.08984375
 1 0.8642578125 0.494140625 0.029296875 0.1015625
 0 0.9267578125 0.490234375 0.083984375 0.0703125