
 4 0.0634765625 0.0673828125 0.080078125 0.126953125
 0 0.2109375 0.5146484375 0.06640625 0.080078125
 0 0.248046875 0.5234375 0.1171875 0.08203125
 0 0.390625 0.5078125 0.09765625 0.06640625
 1 0.5390625 0.5927734375 0.1796875 0.798828125
 1 0.56640625 0.60546875 0.234375 0.78515625
 4 0.572265625 0.029296875 0.02734375 0.0546875
 4 0.6533203125 0.3583984375 0.017578125 0.048828125
 4 0.6533203125 0.357421875 0.009765625 0.0390625
 4 0.7294921875 0.4189453125 0.013671875 0.048828125
 4 0.8017578125 0.0751953125 0.029296875 0.091796875
 0 0.8203125 0.48828125 0.0625 0.0390625
 0 0.8212890625 0.490234375 0.052734375 0.04296875
 0 0.880859375 0.498046875 0.109375 0.0703125
 0 0.9208984375 0.4873046875 0.103515625 0.056640625