
 1 0.8388671875 0.5126953125 0.060546875 0.056640625
 0 0.02734375 0.5703125 0.0546875 0.10546875
 0 0.0546875 0.546875 0.0546875 0.109375
 0 0.1083984375 0.5400390625 0.052734375 0.052734375
 0 0.162109375 0.533203125 0.04296875 0.05859375
 0 0.251953125 0.51953125 0.03125 0.0390625
 0 0.3720703125 0.552734375 0.146484375 0.22265625
 0 0.455078125 0.5322265625 0.05859375 0.083984375
 0 0.5224609375 0.5322265625 0.126953125 0.099609375
 1 0.6123046875 0.4873046875 0.017578125 0.056640625
 1 0.7919921875 0.47265625 0.029296875 0.08203125
 1 0.8134765625 0.474609375 0.021484375 0.0859375
 1 0.85546875 0.466796875 0.01953125 0.078125
 0 0.9404296875 0.5556640625 0.115234375 0.177734375