
 0 0.861328125 0.6474609375 0.27734375 0.408203125
 0 0.1376953125 0.5771484375 0.111328125 0.107421875
 0 0.138671875 0.5693359375 0.09375 0.083984375
 0 0.2451171875 0.57421875 0.111328125 0.12109375
 0 0.2412109375 0.56640625 0.099609375 0.12109375
 0 0.3330078125 0.548828125 0.056640625 0.06640625
 0 0.3349609375 0.5517578125 0.048828125 0.064453125
 3 0.361328125 0.517578125 0.03125 0.06640625
 0 0.400390625 0.5380859375 0.0234375 0.037109375
 0 0.4453125 0.54296875 0.07421875 0.08203125
 0 0.44140625 0.5458984375 0.05859375 0.064453125
 0 0.51171875 0.53515625 0.04296875 0.0546875
 0 0.6689453125 0.5908203125 0.134765625 0.275390625
 0 0.703125 0.5751953125 0.17578125 0.205078125