
 0 0.04296875 0.6376953125 0.0859375 0.306640625
 1 0.0986328125 0.5380859375 0.041015625 0.068359375
 4 0.2939453125 0.4521484375 0.013671875 0.033203125
 1 0.3310546875 0.4912109375 0.025390625 0.080078125
 0 0.400390625 0.498046875 0.04296875 0.05859375
 0 0.4560546875 0.486328125 0.033203125 0.04296875
 0 0.515625 0.5146484375 0.09765625 0.138671875
 4 0.4892578125 0.39453125 0.013671875 0.0390625
 4 0.5400390625 0.439453125 0.017578125 0.03515625
 4 0.541015625 0.4365234375 0.015625 0.029296875
 0 0.611328125 0.48828125 0.05859375 0.0546875