
 1 0.54296875 0.513671875 0.0390625 0.109375
 1 0.0556640625 0.5380859375 0.029296875 0.099609375
 1 0.0703125 0.5390625 0.0234375 0.09375
 4 0.0947265625 0.3759765625 0.025390625 0.080078125
 1 0.1533203125 0.5732421875 0.029296875 0.318359375
 1 0.203125 0.5771484375 0.04296875 0.326171875
 1 0.2763671875 0.5615234375 0.080078125 0.333984375
 1 0.2861328125 0.568359375 0.037109375 0.3203125
 0 0.3525390625 0.5009765625 0.041015625 0.056640625
 1 0.412109375 0.5732421875 0.0546875 0.318359375
 1 0.478515625 0.546875 0.0625 0.25
 1 0.46484375 0.5478515625 0.02734375 0.251953125
 1 0.494140625 0.5537109375 0.04296875 0.357421875
 4 0.5751953125 0.353515625 0.021484375 0.0703125
 0 0.828125 0.5 0.23828125 0.140625
 1 0.8310546875 0.5458984375 0.060546875 0.287109375
 1 0.8310546875 0.54296875 0.052734375 0.27734375
 1 0.8720703125 0.5419921875 0.060546875 0.294921875