
 0 0.1044921875 0.501953125 0.064453125 0.04296875
 2 0.23046875 0.4892578125 0.02734375 0.037109375
 4 0.265625 0.435546875 0.01171875 0.02734375
 0 0.3603515625 0.494140625 0.044921875 0.05859375
 4 0.3779296875 0.3955078125 0.009765625 0.029296875
 0 0.39453125 0.484375 0.03515625 0.03515625
 0 0.390625 0.4755859375 0.0234375 0.025390625
 4 0.4248046875 0.384765625 0.013671875 0.03125
 4 0.423828125 0.3837890625 0.01171875 0.029296875
 4 0.513671875 0.40625 0.015625 0.04296875
 0 0.595703125 0.4658203125 0.06640625 0.056640625
 1 0.5849609375 0.482421875 0.021484375 0.06640625