
 0 0.1455078125 0.505859375 0.111328125 0.08984375
 0 0.3291015625 0.49609375 0.091796875 0.12109375
 0 0.41015625 0.5029296875 0.07421875 0.083984375
 0 0.455078125 0.4951171875 0.0546875 0.060546875
 1 0.509765625 0.6298828125 0.15625 0.611328125
 0 0.4638671875 0.498046875 0.044921875 0.0546875
 4 0.55859375 0.24609375 0.0234375 0.07421875
 4 0.6787109375 0.25 0.025390625 0.078125
 0 0.736328125 0.4921875 0.06640625 0.09765625
 0 0.7353515625 0.4892578125 0.037109375 0.056640625
 0 0.85546875 0.494140625 0.03125 0.046875
 4 0.9794921875 0.3798828125 0.029296875 0.068359375