
 0 0.060546875 0.5205078125 0.0859375 0.123046875
 0 0.0654296875 0.5458984375 0.083984375 0.220703125
 0 0.095703125 0.580078125 0.12890625 0.171875
 0 0.28515625 0.587890625 0.32421875 0.4140625
 4 0.31640625 0.328125 0.01953125 0.05859375
 4 0.4130859375 0.3271484375 0.021484375 0.048828125
 0 0.490234375 0.513671875 0.0234375 0.0390625
 4 0.4912109375 0.328125 0.021484375 0.05859375
 0 0.626953125 0.4990234375 0.23046875 0.130859375
 3 0.6142578125 0.48828125 0.177734375 0.1328125
 0 0.7998046875 0.6337890625 0.376953125 0.365234375
 0 0.6357421875 0.54296875 0.044921875 0.1171875
 4 0.6787109375 0.41796875 0.017578125 0.05078125
 4 0.9296875 0.2578125 0.0546875 0.16015625
 0 0.9560546875 0.513671875 0.080078125 0.05859375
 1 0.9501953125 0.5146484375 0.029296875 0.056640625