
 1 0.9775390625 0.533203125 0.041015625 0.21875
 0 0.138671875 0.544921875 0.08984375 0.109375
 0 0.1435546875 0.5498046875 0.087890625 0.087890625
 0 0.236328125 0.5390625 0.13671875 0.16015625
 0 0.3740234375 0.5263671875 0.037109375 0.060546875
 0 0.423828125 0.5244140625 0.046875 0.064453125
 0 0.46484375 0.5146484375 0.04296875 0.072265625
 0 0.4677734375 0.515625 0.029296875 0.046875
 0 0.5732421875 0.5634765625 0.154296875 0.166015625
 1 0.626953125 0.53125 0.0234375 0.0859375
 1 0.623046875 0.529296875 0.01171875 0.05859375
 1 0.6318359375 0.529296875 0.017578125 0.078125
 3 0.6943359375 0.5126953125 0.076171875 0.048828125
 0 0.740234375 0.5263671875 0.09765625 0.068359375