
 0 0.05859375 0.5478515625 0.05078125 0.056640625
 0 0.1396484375 0.548828125 0.056640625 0.0703125
 0 0.1435546875 0.5439453125 0.052734375 0.056640625
 0 0.2705078125 0.5302734375 0.037109375 0.064453125
 3 0.3115234375 0.5146484375 0.068359375 0.111328125
 0 0.5087890625 0.5322265625 0.052734375 0.056640625
 0 0.546875 0.525390625 0.04296875 0.046875
 0 0.6318359375 0.5302734375 0.080078125 0.048828125
 0 0.7138671875 0.52734375 0.064453125 0.05078125
 0 0.72265625 0.5234375 0.078125 0.0546875