
 0 0.0458984375 0.53125 0.091796875 0.17578125
 0 0.1279296875 0.515625 0.111328125 0.1171875
 0 0.1416015625 0.5205078125 0.119140625 0.134765625
 0 0.2548828125 0.5 0.095703125 0.125
 0 0.2568359375 0.4951171875 0.091796875 0.095703125
 0 0.3935546875 0.486328125 0.037109375 0.04296875
 0 0.4189453125 0.4775390625 0.021484375 0.037109375
 0 0.501953125 0.4892578125 0.0546875 0.095703125
 3 0.5361328125 0.4453125 0.037109375 0.03125
 0 0.5341796875 0.470703125 0.013671875 0.03125
 0 0.5458984375 0.478515625 0.021484375 0.03125
 0 0.9365234375 0.5029296875 0.123046875 0.146484375