
 0 0.0869140625 0.50390625 0.173828125 0.1875
 4 0.072265625 0.0859375 0.109375 0.15625
 0 0.1767578125 0.498046875 0.099609375 0.05859375
 0 0.310546875 0.515625 0.08984375 0.08984375
 0 0.4150390625 0.49609375 0.064453125 0.06640625
 0 0.4111328125 0.4921875 0.048828125 0.046875
 0 0.4619140625 0.4970703125 0.029296875 0.033203125
 4 0.5703125 0.0283203125 0.02734375 0.056640625
 4 0.5673828125 0.3603515625 0.013671875 0.052734375
 4 0.65234375 0.35546875 0.015625 0.04296875
 2 0.71875 0.484375 0.01953125 0.05078125
 4 0.7265625 0.4130859375 0.015625 0.044921875
 0 0.865234375 0.498046875 0.16015625 0.18359375
 4 0.80078125 0.0751953125 0.02734375 0.091796875
 0 0.962890625 0.4951171875 0.06640625 0.138671875