
 1 0.12890625 0.525390625 0.0234375 0.09765625
 1 0.1298828125 0.5263671875 0.021484375 0.087890625
 1 0.1494140625 0.525390625 0.017578125 0.09375
 1 0.1611328125 0.5361328125 0.013671875 0.064453125
 3 0.2275390625 0.505859375 0.134765625 0.16015625
 3 0.3505859375 0.4873046875 0.083984375 0.158203125
 0 0.4365234375 0.515625 0.056640625 0.0703125
 2 0.4892578125 0.521484375 0.029296875 0.0859375
 1 0.693359375 0.4853515625 0.01953125 0.072265625
 1 0.705078125 0.474609375 0.02734375 0.05859375
 1 0.70703125 0.4755859375 0.01953125 0.060546875
 1 0.720703125 0.47265625 0.01953125 0.05859375
 1 0.7373046875 0.4736328125 0.025390625 0.072265625
 1 0.822265625 0.482421875 0.03515625 0.09375
 0 0.8505859375 0.5029296875 0.044921875 0.041015625
 0 0.9580078125 0.5087890625 0.080078125 0.048828125