
 4 0.189453125 0.4345703125 0.01953125 0.037109375
 0 0.22265625 0.4912109375 0.08203125 0.068359375
 3 0.2978515625 0.4697265625 0.146484375 0.115234375
 3 0.30078125 0.4716796875 0.109375 0.115234375
 0 0.36328125 0.4931640625 0.03515625 0.048828125
 0 0.4326171875 0.4931640625 0.048828125 0.056640625
 4 0.4248046875 0.3408203125 0.017578125 0.037109375
 0 0.48828125 0.4853515625 0.03125 0.037109375
 4 0.5263671875 0.35546875 0.021484375 0.046875
 4 0.525390625 0.34765625 0.015625 0.0390625
 0 0.5576171875 0.4814453125 0.056640625 0.052734375
 4 0.5986328125 0.412109375 0.017578125 0.046875
 4 0.599609375 0.4228515625 0.015625 0.029296875
 0 0.78515625 0.576171875 0.26953125 0.28515625
 4 0.6943359375 0.3740234375 0.013671875 0.044921875
 4 0.6982421875 0.384765625 0.017578125 0.02734375