
 2 0.38671875 0.48046875 0.0078125 0.03125
 0 0.2099609375 0.4775390625 0.056640625 0.033203125
 0 0.412109375 0.478515625 0.02734375 0.03515625
 0 0.4345703125 0.4794921875 0.013671875 0.029296875
 0 0.4580078125 0.4794921875 0.025390625 0.037109375
 4 0.4892578125 0.376953125 0.013671875 0.03125
 4 0.490234375 0.376953125 0.01171875 0.03125
 4 0.5322265625 0.38671875 0.013671875 0.03515625
 4 0.53125 0.3818359375 0.01171875 0.029296875
 4 0.5703125 0.3896484375 0.015625 0.033203125
 4 0.5693359375 0.3896484375 0.009765625 0.029296875
 4 0.6435546875 0.4326171875 0.017578125 0.041015625
 4 0.6416015625 0.42578125 0.009765625 0.02734375
 4 0.6748046875 0.4169921875 0.013671875 0.041015625
 4 0.67578125 0.4140625 0.01171875 0.0234375
 0 0.728515625 0.4853515625 0.0625 0.037109375