
 0 0.4326171875 0.5244140625 0.033203125 0.041015625
 0 0.3876953125 0.5224609375 0.037109375 0.044921875
 0 0.0107421875 0.5537109375 0.021484375 0.048828125
 0 0.1171875 0.5595703125 0.10546875 0.080078125
 0 0.166015625 0.5380859375 0.04296875 0.060546875
 0 0.228515625 0.5361328125 0.046875 0.048828125
 0 0.521484375 0.54296875 0.09765625 0.109375
 0 0.6494140625 0.54296875 0.083984375 0.08984375
 3 0.638671875 0.5087890625 0.05859375 0.087890625
 0 0.8095703125 0.5478515625 0.115234375 0.095703125