
 4 0.1376953125 0.369140625 0.021484375 0.06640625
 4 0.140625 0.3701171875 0.015625 0.044921875
 2 0.2568359375 0.4677734375 0.025390625 0.080078125
 2 0.2578125 0.4697265625 0.01953125 0.064453125
 0 0.310546875 0.4697265625 0.05078125 0.064453125
 0 0.4912109375 0.4921875 0.169921875 0.09765625
 4 0.455078125 0.2705078125 0.015625 0.041015625
 4 0.4541015625 0.27734375 0.013671875 0.046875
 4 0.5322265625 0.28125 0.013671875 0.05078125
 4 0.533203125 0.2802734375 0.015625 0.048828125
 4 0.609375 0.2900390625 0.015625 0.044921875
 4 0.609375 0.2900390625 0.015625 0.044921875
 4 0.7509765625 0.375 0.013671875 0.05078125
 4 0.751953125 0.37890625 0.015625 0.05078125
 0 0.9140625 0.4638671875 0.06640625 0.044921875
 0 0.9111328125 0.466796875 0.056640625 0.06640625
 0 0.9580078125 0.4873046875 0.029296875 0.060546875
 0 0.9619140625 0.494140625 0.025390625 0.06640625