
 1 0.013671875 0.53125 0.02734375 0.19140625
 1 0.037109375 0.5234375 0.03515625 0.18359375
 0 0.091796875 0.5029296875 0.04296875 0.111328125
 0 0.1455078125 0.4951171875 0.076171875 0.072265625
 1 0.1396484375 0.5048828125 0.021484375 0.076171875
 1 0.181640625 0.5 0.01953125 0.07421875
 1 0.1884765625 0.501953125 0.025390625 0.08203125
 3 0.2060546875 0.482421875 0.052734375 0.0859375
 1 0.1884765625 0.509765625 0.013671875 0.0703125
 3 0.2763671875 0.4736328125 0.048828125 0.099609375
 3 0.2744140625 0.47265625 0.044921875 0.09375
 1 0.28515625 0.486328125 0.015625 0.09765625
 1 0.2919921875 0.4970703125 0.013671875 0.095703125
 1 0.298828125 0.4892578125 0.015625 0.083984375
 0 0.3173828125 0.501953125 0.041015625 0.046875
 0 0.318359375 0.501953125 0.0390625 0.05078125
 3 0.3291015625 0.45703125 0.052734375 0.08984375
 3 0.328125 0.4658203125 0.046875 0.111328125
 1 0.5205078125 0.578125 0.060546875 0.2890625
 0 0.7421875 0.5390625 0.49609375 0.29296875