
 0 0.1298828125 0.5400390625 0.064453125 0.068359375
 1 0.568359375 0.509765625 0.01171875 0.046875
 1 0.5380859375 0.5107421875 0.013671875 0.044921875
 0 0.9541015625 0.5185546875 0.087890625 0.091796875
 0 0.0673828125 0.5380859375 0.126953125 0.107421875
 0 0.330078125 0.650390625 0.32421875 0.41015625
 4 0.28125 0.275390625 0.01953125 0.0546875
 4 0.392578125 0.287109375 0.015625 0.05859375
 0 0.6259765625 0.5302734375 0.181640625 0.099609375
 4 0.5634765625 0.408203125 0.017578125 0.0546875
 2 0.78515625 0.5224609375 0.0625 0.099609375