
 0 0.0556640625 0.5615234375 0.064453125 0.052734375
 0 0.10546875 0.5537109375 0.0390625 0.048828125
 0 0.3955078125 0.55078125 0.095703125 0.13671875
 0 0.5078125 0.53125 0.0390625 0.0859375
 0 0.5166015625 0.5341796875 0.052734375 0.080078125
 0 0.53125 0.5546875 0.0390625 0.07421875
 0 0.57421875 0.5390625 0.10546875 0.12890625
 0 0.5595703125 0.546875 0.037109375 0.13671875
 0 0.6083984375 0.55078125 0.072265625 0.109375
 0 0.5966796875 0.5732421875 0.041015625 0.146484375
 0 0.728515625 0.5693359375 0.25 0.169921875
 0 0.7353515625 0.5732421875 0.244140625 0.162109375
 1 0.7880859375 0.4716796875 0.021484375 0.052734375