
 0 0.05859375 0.66015625 0.11328125 0.328125
 0 0.408203125 0.5537109375 0.09375 0.111328125
 4 0.396484375 0.435546875 0.01171875 0.03125
 4 0.3984375 0.43359375 0.01171875 0.0234375
 4 0.4384765625 0.44140625 0.009765625 0.0234375
 4 0.439453125 0.443359375 0.01171875 0.02734375
 4 0.4814453125 0.4853515625 0.013671875 0.029296875
 4 0.4912109375 0.47265625 0.009765625 0.03515625
 4 0.4931640625 0.4716796875 0.009765625 0.033203125
 1 0.505859375 0.53515625 0.01171875 0.0625
 1 0.5048828125 0.5390625 0.009765625 0.06640625
 1 0.5166015625 0.541015625 0.013671875 0.06640625
 1 0.5185546875 0.5361328125 0.009765625 0.064453125
 1 0.5283203125 0.53515625 0.013671875 0.05859375
 1 0.5302734375 0.5390625 0.013671875 0.06640625
 1 0.5419921875 0.53125 0.013671875 0.0625
 1 0.54296875 0.537109375 0.01171875 0.06640625