
 0 0.025390625 0.568359375 0.05078125 0.0703125
 0 0.169921875 0.5654296875 0.1015625 0.111328125
 0 0.2314453125 0.552734375 0.033203125 0.0703125
 0 0.2861328125 0.548828125 0.080078125 0.05859375
 0 0.419921875 0.515625 0.02734375 0.03515625
 0 0.5029296875 0.537109375 0.029296875 0.06640625
 0 0.544921875 0.541015625 0.078125 0.0859375
 1 0.634765625 0.51171875 0.02734375 0.09375
 1 0.642578125 0.521484375 0.03125 0.10546875
 1 0.73046875 0.5390625 0.0390625 0.15234375
 1 0.916015625 0.525390625 0.0546875 0.21484375
 1 0.9150390625 0.53125 0.044921875 0.2109375