
 0 0.0625 0.623046875 0.125 0.30859375
 0 0.1630859375 0.537109375 0.072265625 0.07421875
 0 0.166015625 0.5380859375 0.06640625 0.068359375
 0 0.2529296875 0.529296875 0.056640625 0.06640625
 0 0.2548828125 0.529296875 0.048828125 0.0625
 1 0.4013671875 0.5341796875 0.017578125 0.076171875
 1 0.4052734375 0.533203125 0.017578125 0.05859375
 1 0.42578125 0.5302734375 0.015625 0.064453125
 1 0.46484375 0.533203125 0.0234375 0.05859375
 1 0.486328125 0.5361328125 0.02734375 0.076171875
 None 0.6103515625 0.333984375 0.029296875 0.05078125
 1 0.720703125 0.5263671875 0.04296875 0.138671875
 1 0.7607421875 0.5224609375 0.029296875 0.142578125
 1 0.7646484375 0.5234375 0.029296875 0.1484375