
 0 0.0634765625 0.5693359375 0.126953125 0.154296875
 4 0.251953125 0.353515625 0.015625 0.0390625
 4 0.251953125 0.353515625 0.01171875 0.03125
 0 0.263671875 0.5390625 0.02734375 0.02734375
 0 0.263671875 0.537109375 0.02734375 0.0390625
 0 0.3173828125 0.5244140625 0.021484375 0.021484375
 0 0.330078125 0.51953125 0.015625 0.01953125
 4 0.345703125 0.34375 0.015625 0.04296875
 4 0.345703125 0.349609375 0.01171875 0.0390625
 0 0.37109375 0.517578125 0.03515625 0.05078125
 0 0.3955078125 0.5146484375 0.025390625 0.033203125
 0 0.4208984375 0.5341796875 0.052734375 0.068359375
 4 0.5048828125 0.4306640625 0.013671875 0.033203125
 4 0.5078125 0.435546875 0.01171875 0.03125
 0 0.6669921875 0.50390625 0.115234375 0.09375
 0 0.6796875 0.50390625 0.13671875 0.08984375
 0 0.751953125 0.5029296875 0.12890625 0.087890625
 0 0.76171875 0.5068359375 0.125 0.083984375
 0 0.8505859375 0.45703125 0.029296875 0.03125