
 0 0.193359375 0.5078125 0.0234375 0.03515625
 0 0.1552734375 0.515625 0.021484375 0.03125
 0 0.1123046875 0.5166015625 0.029296875 0.037109375
 0 0.2197265625 0.5087890625 0.044921875 0.060546875
 4 0.224609375 0.392578125 0.01171875 0.03125
 4 0.2236328125 0.3935546875 0.009765625 0.033203125
 4 0.2587890625 0.40234375 0.009765625 0.03125
 4 0.259765625 0.4033203125 0.01171875 0.029296875
 0 0.3154296875 0.513671875 0.068359375 0.08984375
 4 0.3193359375 0.4482421875 0.013671875 0.029296875
 4 0.37109375 0.427734375 0.015625 0.04296875
 4 0.37109375 0.4326171875 0.01171875 0.033203125
 0 0.40625 0.498046875 0.05859375 0.04296875