
 0 0.126953125 0.5556640625 0.078125 0.076171875
 1 0.0537109375 0.55078125 0.029296875 0.11328125
 0 0.2275390625 0.548828125 0.080078125 0.1171875
 0 0.4345703125 0.5205078125 0.052734375 0.064453125
 1 0.5205078125 0.505859375 0.017578125 0.0859375
 4 0.5810546875 0.3095703125 0.029296875 0.095703125
 1 0.7294921875 0.5322265625 0.212890625 0.931640625
 1 0.9072265625 0.4775390625 0.025390625 0.150390625
 1 0.919921875 0.4921875 0.02734375 0.14453125
 1 0.96484375 0.4853515625 0.03125 0.162109375