
 0 0.1279296875 0.5205078125 0.037109375 0.037109375
 0 0.1591796875 0.515625 0.029296875 0.046875
 0 0.1630859375 0.5146484375 0.037109375 0.041015625
 0 0.185546875 0.509765625 0.0390625 0.046875
 0 0.189453125 0.5107421875 0.03515625 0.037109375
 0 0.244140625 0.5009765625 0.0703125 0.091796875
 0 0.4287109375 0.4921875 0.029296875 0.05859375
 0 0.4697265625 0.4970703125 0.029296875 0.041015625
 0 0.5048828125 0.4931640625 0.041015625 0.052734375
 0 0.541015625 0.494140625 0.03125 0.04296875
 0 0.5966796875 0.505859375 0.044921875 0.109375
 0 0.6259765625 0.486328125 0.087890625 0.13671875
 0 0.66796875 0.509765625 0.1171875 0.14453125
 0 0.861328125 0.4853515625 0.109375 0.068359375
 0 0.8642578125 0.4794921875 0.107421875 0.080078125
 0 0.9482421875 0.48828125 0.076171875 0.05859375