
 3 0.078125 0.4853515625 0.109375 0.154296875
 0 0.1484375 0.5546875 0.0859375 0.09375
 3 0.201171875 0.5048828125 0.109375 0.138671875
 0 0.212890625 0.5078125 0.078125 0.15625
 0 0.318359375 0.587890625 0.203125 0.24609375
 3 0.3984375 0.509765625 0.12109375 0.1953125
 0 0.4345703125 0.51953125 0.072265625 0.26953125
 0 0.498046875 0.53125 0.04296875 0.06640625
 0 0.5400390625 0.5234375 0.048828125 0.12890625
 0 0.5654296875 0.51953125 0.083984375 0.12890625
 0 0.623046875 0.5517578125 0.14453125 0.158203125
 3 0.7236328125 0.4755859375 0.119140625 0.189453125
 0 0.7255859375 0.4765625 0.087890625 0.1484375