
 0 0.2880859375 0.5361328125 0.048828125 0.048828125
 0 0.2861328125 0.5361328125 0.033203125 0.041015625
 0 0.341796875 0.533203125 0.03125 0.046875
 0 0.400390625 0.537109375 0.05078125 0.0703125
 0 0.5107421875 0.5126953125 0.087890625 0.150390625
 0 0.5087890625 0.5078125 0.072265625 0.1171875
 0 0.572265625 0.5439453125 0.04296875 0.103515625
 0 0.646484375 0.5400390625 0.13671875 0.138671875
 3 0.84375 0.5244140625 0.3125 0.318359375
 0 0.841796875 0.5263671875 0.30859375 0.361328125