
 0 0.0498046875 0.6201171875 0.099609375 0.255859375
 0 0.16015625 0.5732421875 0.1484375 0.205078125
 0 0.2353515625 0.5283203125 0.044921875 0.166015625
 0 0.2705078125 0.5380859375 0.056640625 0.111328125
 0 0.30859375 0.5283203125 0.02734375 0.091796875
 0 0.3310546875 0.5263671875 0.029296875 0.056640625
 0 0.3876953125 0.521484375 0.103515625 0.1640625
 0 0.458984375 0.5205078125 0.0390625 0.068359375
 0 0.505859375 0.5302734375 0.06640625 0.103515625
 0 0.5498046875 0.5419921875 0.052734375 0.185546875
 0 0.642578125 0.5771484375 0.140625 0.248046875
 0 0.8486328125 0.6357421875 0.298828125 0.642578125