
 1 0.978515625 0.556640625 0.04296875 0.1796875
 0 0.0478515625 0.529296875 0.080078125 0.04296875
 3 0.216796875 0.462890625 0.18359375 0.2734375
 0 0.2119140625 0.478515625 0.169921875 0.2578125
 0 0.302734375 0.5146484375 0.02734375 0.091796875
 0 0.4130859375 0.513671875 0.056640625 0.0703125
 0 0.458984375 0.490234375 0.03515625 0.05078125
 3 0.4609375 0.4931640625 0.03515625 0.060546875
 0 0.462890625 0.4833984375 0.02734375 0.044921875
 0 0.509765625 0.5068359375 0.046875 0.056640625
 0 0.8173828125 0.4873046875 0.076171875 0.076171875
 0 0.8232421875 0.4755859375 0.068359375 0.052734375