
 0 0.0810546875 0.5244140625 0.060546875 0.068359375
 0 0.0888671875 0.517578125 0.060546875 0.046875
 0 0.1396484375 0.5166015625 0.056640625 0.037109375
 0 0.146484375 0.5126953125 0.04296875 0.033203125
 0 0.2470703125 0.5068359375 0.037109375 0.048828125
 0 0.244140625 0.50390625 0.03125 0.04296875
 0 0.294921875 0.5009765625 0.03125 0.037109375
 4 0.439453125 0.3935546875 0.01953125 0.033203125
 0 0.4541015625 0.4873046875 0.044921875 0.041015625
 4 0.4697265625 0.4033203125 0.013671875 0.029296875
 0 0.5107421875 0.521484375 0.083984375 0.10546875
 4 0.5634765625 0.4345703125 0.013671875 0.029296875
 0 0.6923828125 0.486328125 0.103515625 0.06640625