
 3 0.0498046875 0.5283203125 0.095703125 0.107421875
 3 0.0419921875 0.5263671875 0.064453125 0.107421875
 0 0.0888671875 0.5810546875 0.126953125 0.185546875
 0 0.2978515625 0.6015625 0.310546875 0.43359375
 4 0.31640625 0.337890625 0.01953125 0.0546875
 4 0.4130859375 0.3271484375 0.025390625 0.056640625
 4 0.416015625 0.33984375 0.015625 0.0546875
 0 0.4833984375 0.517578125 0.021484375 0.04296875
 0 0.4814453125 0.51171875 0.009765625 0.03125
 4 0.4921875 0.3310546875 0.02734375 0.072265625
 4 0.4931640625 0.330078125 0.017578125 0.046875
 0 0.5361328125 0.529296875 0.044921875 0.05859375
 0 0.6279296875 0.54296875 0.044921875 0.1171875
 0 0.7978515625 0.6220703125 0.373046875 0.353515625
 4 0.6796875 0.4326171875 0.01953125 0.056640625
 0 0.9423828125 0.51953125 0.080078125 0.05859375
 0 0.9453125 0.51953125 0.07421875 0.07421875
 4 0.9375 0.259765625 0.05078125 0.14453125