
 0 0.8974609375 0.720703125 0.205078125 0.5
 1 0.0751953125 0.560546875 0.021484375 0.11328125
 1 0.09765625 0.5595703125 0.01953125 0.099609375
 1 0.1982421875 0.5537109375 0.017578125 0.072265625
 0 0.232421875 0.564453125 0.0625 0.08984375
 0 0.27734375 0.5537109375 0.0234375 0.072265625
 0 0.296875 0.5546875 0.01953125 0.0546875
 0 0.3369140625 0.5322265625 0.060546875 0.037109375
 0 0.431640625 0.537109375 0.078125 0.1171875
 0 0.4765625 0.5302734375 0.0234375 0.048828125
 0 0.5478515625 0.5419921875 0.072265625 0.080078125
 0 0.64453125 0.58203125 0.13671875 0.18359375
 0 0.6240234375 0.5751953125 0.080078125 0.162109375
 0 0.779296875 0.6220703125 0.2578125 0.291015625