
 0 0.9462890625 0.7001953125 0.107421875 0.408203125
 0 0.259765625 0.462890625 0.08984375 0.13671875
 3 0.2587890625 0.474609375 0.087890625 0.1328125
 0 0.3408203125 0.4892578125 0.099609375 0.134765625
 4 0.3662109375 0.39453125 0.013671875 0.03515625
 0 0.392578125 0.498046875 0.03125 0.06640625
 4 0.4140625 0.3984375 0.015625 0.03515625
 0 0.47265625 0.5087890625 0.09375 0.123046875
 4 0.4482421875 0.3994140625 0.013671875 0.037109375
 2 0.537109375 0.4833984375 0.02734375 0.064453125
 4 0.5361328125 0.4501953125 0.013671875 0.029296875
 4 0.548828125 0.4345703125 0.015625 0.041015625
 0 0.7421875 0.482421875 0.046875 0.05859375
 0 0.8779296875 0.498046875 0.130859375 0.10546875