
 0 0.021484375 0.5498046875 0.04296875 0.076171875
 0 0.1123046875 0.5439453125 0.119140625 0.115234375
 0 0.2744140625 0.5322265625 0.072265625 0.064453125
 0 0.279296875 0.53125 0.05078125 0.0546875
 0 0.3515625 0.5283203125 0.03125 0.041015625
 0 0.3740234375 0.5224609375 0.021484375 0.033203125
 3 0.41796875 0.5068359375 0.05078125 0.107421875
 0 0.4541015625 0.5205078125 0.021484375 0.041015625
 0 0.45703125 0.515625 0.02734375 0.05859375
 0 0.5068359375 0.517578125 0.017578125 0.02734375