
 0 0.5244140625 0.5419921875 0.126953125 0.111328125
 1 0.8740234375 0.4658203125 0.025390625 0.087890625
 0 0.0283203125 0.5546875 0.056640625 0.10546875
 0 0.009765625 0.580078125 0.01953125 0.08984375
 0 0.095703125 0.544921875 0.05078125 0.0546875
 0 0.1328125 0.537109375 0.0234375 0.03125
 0 0.24609375 0.525390625 0.03125 0.0390625
 0 0.3310546875 0.546875 0.103515625 0.140625
 0 0.416015625 0.5263671875 0.0703125 0.087890625
 0 0.453125 0.5322265625 0.0625 0.083984375
 1 0.5927734375 0.5029296875 0.021484375 0.080078125
 1 0.7490234375 0.482421875 0.029296875 0.08203125
 0 0.8984375 0.5537109375 0.19140625 0.271484375
 1 0.8173828125 0.4833984375 0.025390625 0.076171875