
 1 0.8818359375 0.5263671875 0.037109375 0.185546875
 0 0.048828125 0.5615234375 0.09765625 0.201171875
 0 0.271484375 0.5361328125 0.0546875 0.060546875
 4 0.3115234375 0.3427734375 0.025390625 0.060546875
 4 0.310546875 0.341796875 0.01171875 0.0390625
 0 0.3662109375 0.5380859375 0.048828125 0.064453125
 4 0.3994140625 0.3447265625 0.009765625 0.041015625
 0 0.43359375 0.53125 0.07421875 0.109375
 4 0.54296875 0.4375 0.01171875 0.03515625
 1 0.607421875 0.5234375 0.01953125 0.0859375
 1 0.6328125 0.521484375 0.01953125 0.078125
 3 0.8525390625 0.46484375 0.291015625 0.17578125
 0 0.8408203125 0.5224609375 0.166015625 0.080078125
 0 0.84375 0.51953125 0.1640625 0.078125