
 0 0.138671875 0.56640625 0.12109375 0.1171875
 0 0.1376953125 0.5634765625 0.119140625 0.123046875
 0 0.212890625 0.5478515625 0.03515625 0.056640625
 0 0.2763671875 0.5361328125 0.056640625 0.056640625
 3 0.3408203125 0.5029296875 0.056640625 0.083984375
 0 0.392578125 0.525390625 0.02734375 0.03125
 0 0.53515625 0.6083984375 0.26171875 0.322265625
 0 0.4248046875 0.5263671875 0.037109375 0.048828125
 3 0.43359375 0.5 0.05078125 0.0390625
 4 0.447265625 0.4345703125 0.01171875 0.029296875
 1 0.7177734375 0.5029296875 0.017578125 0.064453125