
 0 0.0224609375 0.56640625 0.044921875 0.09765625
 0 0.84375 0.5771484375 0.3125 0.525390625
 0 0.1591796875 0.5556640625 0.048828125 0.044921875
 0 0.2080078125 0.5380859375 0.056640625 0.033203125
 0 0.4296875 0.537109375 0.03515625 0.05859375
 0 0.4921875 0.53125 0.02734375 0.0390625
 0 0.5263671875 0.55078125 0.044921875 0.08984375
 0 0.5244140625 0.5517578125 0.041015625 0.076171875
 0 0.5986328125 0.5732421875 0.107421875 0.138671875
 0 0.7021484375 0.5419921875 0.064453125 0.076171875