
 0 0.0185546875 0.5390625 0.029296875 0.046875
 4 0.060546875 0.4541015625 0.01953125 0.041015625
 4 0.0625 0.4677734375 0.015625 0.048828125
 0 0.1201171875 0.5244140625 0.033203125 0.048828125
 0 0.154296875 0.529296875 0.046875 0.0546875
 0 0.1787109375 0.51953125 0.025390625 0.0546875
 0 0.1787109375 0.51953125 0.021484375 0.04296875
 0 0.220703125 0.513671875 0.046875 0.0546875
 4 0.21484375 0.373046875 0.01953125 0.0546875
 0 0.275390625 0.515625 0.046875 0.0703125
 0 0.2783203125 0.515625 0.052734375 0.0703125
 4 0.287109375 0.3701171875 0.015625 0.044921875
 0 0.314453125 0.5048828125 0.02734375 0.064453125
 0 0.4521484375 0.56640625 0.271484375 0.39453125
 0 0.59375 0.48046875 0.05078125 0.0625
 4 0.5927734375 0.3896484375 0.033203125 0.060546875
 4 0.5908203125 0.3828125 0.025390625 0.0859375
 0 0.6513671875 0.5478515625 0.134765625 0.134765625
 1 0.6572265625 0.48046875 0.033203125 0.03515625
 0 0.939453125 0.669921875 0.12109375 0.30859375