
 0 0.966796875 0.587890625 0.06640625 0.18359375
 1 0.0517578125 0.556640625 0.029296875 0.08984375
 1 0.052734375 0.5615234375 0.02734375 0.076171875
 0 0.134765625 0.5458984375 0.0703125 0.076171875
 4 0.1376953125 0.4169921875 0.021484375 0.064453125
 0 0.197265625 0.5537109375 0.05859375 0.060546875
 0 0.2001953125 0.5263671875 0.048828125 0.041015625
 0 0.302734375 0.55859375 0.06640625 0.08203125
 0 0.3798828125 0.5458984375 0.021484375 0.041015625
 0 0.5146484375 0.556640625 0.056640625 0.0625
 4 0.595703125 0.3857421875 0.0234375 0.072265625