
 1 0.5380859375 0.494140625 0.005859375 0.03125
 0 0.1611328125 0.5537109375 0.255859375 0.248046875
 0 0.3037109375 0.4970703125 0.048828125 0.048828125
 4 0.2978515625 0.3212890625 0.021484375 0.060546875
 0 0.3056640625 0.4951171875 0.037109375 0.044921875
 0 0.3701171875 0.4912109375 0.029296875 0.041015625
 4 0.3798828125 0.318359375 0.017578125 0.0546875
 4 0.3828125 0.33203125 0.015625 0.03125
 4 0.4453125 0.337890625 0.01953125 0.04296875
 4 0.4443359375 0.3466796875 0.013671875 0.025390625
 0 0.50390625 0.4912109375 0.03125 0.037109375
 4 0.5732421875 0.412109375 0.017578125 0.0390625
 4 0.5732421875 0.4267578125 0.013671875 0.029296875
 0 0.5947265625 0.494140625 0.044921875 0.05078125
 0 0.5966796875 0.4912109375 0.033203125 0.052734375
 4 0.5947265625 0.3828125 0.021484375 0.05859375
 4 0.5966796875 0.3896484375 0.017578125 0.041015625
 0 0.7197265625 0.482421875 0.126953125 0.0703125
 0 0.8681640625 0.48046875 0.111328125 0.0625