
 0 0.0380859375 0.5419921875 0.076171875 0.138671875
 3 0.076171875 0.501953125 0.109375 0.0859375
 0 0.0888671875 0.578125 0.134765625 0.1796875
 0 0.2841796875 0.591796875 0.326171875 0.421875
 4 0.3193359375 0.3291015625 0.017578125 0.052734375
 4 0.4150390625 0.326171875 0.017578125 0.04296875
 0 0.4638671875 0.5263671875 0.068359375 0.072265625
 4 0.4912109375 0.326171875 0.017578125 0.05078125
 0 0.525390625 0.5205078125 0.02734375 0.037109375
 0 0.6943359375 0.564453125 0.162109375 0.17578125
 1 0.6318359375 0.5205078125 0.017578125 0.056640625
 1 0.6337890625 0.513671875 0.013671875 0.0390625
 4 0.6796875 0.4169921875 0.015625 0.044921875
 3 0.880859375 0.4814453125 0.234375 0.142578125
 4 0.927734375 0.248046875 0.046875 0.14453125
 1 0.9580078125 0.5419921875 0.029296875 0.119140625