
 0 0.03125 0.58203125 0.05859375 0.19140625
 0 0.9091796875 0.5927734375 0.181640625 0.275390625
 1 0.86328125 0.6025390625 0.0859375 0.396484375
 0 0.072265625 0.5791015625 0.08984375 0.126953125
 0 0.1103515625 0.5654296875 0.068359375 0.111328125
 0 0.146484375 0.5537109375 0.078125 0.103515625
 0 0.2060546875 0.5537109375 0.072265625 0.080078125
 0 0.240234375 0.537109375 0.09765625 0.09765625
 0 0.3505859375 0.5302734375 0.056640625 0.080078125
 0 0.4638671875 0.53125 0.056640625 0.0703125
 0 0.603515625 0.5283203125 0.078125 0.080078125
 0 0.6181640625 0.54296875 0.048828125 0.10546875
 0 0.6962890625 0.5439453125 0.142578125 0.150390625
 0 0.7138671875 0.55078125 0.115234375 0.15234375
 0 0.798828125 0.57421875 0.19921875 0.21484375