
 1 0.81640625 0.505859375 0.0625 0.05859375
 1 0.8056640625 0.47265625 0.021484375 0.08984375
 1 0.783203125 0.4755859375 0.015625 0.060546875
 0 0.9384765625 0.5361328125 0.123046875 0.201171875
 0 0.041015625 0.5595703125 0.08203125 0.095703125
 0 0.0869140625 0.5400390625 0.041015625 0.099609375
 0 0.125 0.5400390625 0.04296875 0.056640625
 0 0.205078125 0.51953125 0.04296875 0.05859375
 0 0.26171875 0.5185546875 0.03125 0.041015625
 0 0.3916015625 0.56640625 0.201171875 0.29296875
 0 0.5205078125 0.5205078125 0.103515625 0.099609375