
 0 0.9140625 0.6611328125 0.171875 0.408203125
 0 0.03515625 0.58203125 0.0703125 0.08203125
 0 0.1787109375 0.5546875 0.033203125 0.03515625
 0 0.2255859375 0.548828125 0.037109375 0.046875
 0 0.30859375 0.5712890625 0.13671875 0.189453125
 0 0.3994140625 0.5498046875 0.033203125 0.068359375
 0 0.3994140625 0.54296875 0.033203125 0.05859375
 0 0.4296875 0.5419921875 0.0703125 0.091796875
 0 0.4345703125 0.537109375 0.044921875 0.078125
 0 0.4794921875 0.5576171875 0.048828125 0.099609375
 0 0.5537109375 0.5703125 0.154296875 0.1484375
 0 0.6181640625 0.5732421875 0.091796875 0.130859375
 0 0.7392578125 0.619140625 0.306640625 0.26953125