
 0 0.384765625 0.517578125 0.015625 0.01953125
 3 0.068359375 0.5283203125 0.13671875 0.091796875
 4 0.3603515625 0.2099609375 0.025390625 0.083984375
 0 0.423828125 0.5185546875 0.046875 0.044921875
 4 0.59765625 0.3662109375 0.02734375 0.080078125
 1 0.7216796875 0.5224609375 0.033203125 0.107421875
 1 0.7197265625 0.521484375 0.025390625 0.12109375
 1 0.744140625 0.5205078125 0.03515625 0.115234375
 1 0.7451171875 0.5224609375 0.029296875 0.123046875
 1 0.865234375 0.5478515625 0.08203125 0.248046875
 4 0.9716796875 0.0791015625 0.052734375 0.158203125