
 0 0.380859375 0.541015625 0.015625 0.01953125
 3 0.0634765625 0.5458984375 0.126953125 0.091796875
 1 0.234375 0.5595703125 0.01953125 0.060546875
 1 0.23828125 0.552734375 0.015625 0.0625
 4 0.353515625 0.2109375 0.02734375 0.08203125
 0 0.4208984375 0.5400390625 0.037109375 0.037109375
 0 0.4697265625 0.544921875 0.044921875 0.0390625
 4 0.6025390625 0.3759765625 0.029296875 0.083984375
 1 0.7333984375 0.53515625 0.025390625 0.12109375
 1 0.7568359375 0.5341796875 0.029296875 0.123046875