
 0 0.0634765625 0.5546875 0.123046875 0.15234375
 0 0.05859375 0.556640625 0.11328125 0.13671875
 0 0.1533203125 0.5400390625 0.083984375 0.095703125
 0 0.19921875 0.5224609375 0.03125 0.095703125
 0 0.2041015625 0.53515625 0.033203125 0.0859375
 0 0.2275390625 0.5283203125 0.025390625 0.083984375
 0 0.3935546875 0.521484375 0.056640625 0.08984375
 0 0.462890625 0.5380859375 0.09375 0.111328125
 0 0.462890625 0.537109375 0.078125 0.09765625
 0 0.599609375 0.5087890625 0.03515625 0.048828125
 0 0.6650390625 0.54296875 0.130859375 0.1953125
 0 0.8330078125 0.5859375 0.255859375 0.26953125