
 0 0.8837890625 0.5791015625 0.232421875 0.474609375
 0 0.1787109375 0.4814453125 0.068359375 0.037109375
 0 0.2578125 0.501953125 0.0546875 0.0546875
 0 0.2587890625 0.505859375 0.041015625 0.046875
 0 0.291015625 0.501953125 0.0234375 0.03125
 0 0.3564453125 0.4990234375 0.115234375 0.150390625
 0 0.4462890625 0.4912109375 0.033203125 0.052734375
 0 0.498046875 0.4892578125 0.0234375 0.033203125
 0 0.4990234375 0.4892578125 0.021484375 0.033203125
 0 0.564453125 0.4951171875 0.04296875 0.060546875