
 0 0.099609375 0.5361328125 0.0859375 0.064453125
 0 0.1025390625 0.53125 0.072265625 0.046875
 0 0.412109375 0.537109375 0.09765625 0.14453125
 0 0.4677734375 0.53125 0.025390625 0.07421875
 0 0.4677734375 0.5302734375 0.021484375 0.076171875
 0 0.5654296875 0.53125 0.076171875 0.1015625
 0 0.5537109375 0.52734375 0.052734375 0.08984375
 0 0.611328125 0.5478515625 0.07421875 0.123046875
 0 0.6025390625 0.546875 0.044921875 0.109375
 0 0.705078125 0.5703125 0.18359375 0.19140625
 0 0.939453125 0.654296875 0.1171875 0.31640625