
 3 0.05859375 0.4892578125 0.1171875 0.185546875
 0 0.115234375 0.5625 0.109375 0.11328125
 0 0.1767578125 0.4755859375 0.123046875 0.126953125
 3 0.1845703125 0.4853515625 0.130859375 0.130859375
 0 0.2861328125 0.625 0.298828125 0.3515625
 3 0.4052734375 0.529296875 0.130859375 0.19140625
 0 0.43359375 0.5205078125 0.078125 0.259765625
 0 0.5087890625 0.537109375 0.056640625 0.0859375
 0 0.53125 0.533203125 0.02734375 0.109375
 0 0.5859375 0.525390625 0.10546875 0.15234375
 0 0.654296875 0.5576171875 0.17578125 0.185546875
 3 0.748046875 0.4755859375 0.109375 0.197265625