
 0 0.9609375 0.5009765625 0.07421875 0.162109375
 0 0.21875 0.5224609375 0.07421875 0.099609375
 0 0.255859375 0.513671875 0.03515625 0.0546875
 0 0.2587890625 0.5185546875 0.021484375 0.060546875
 0 0.2822265625 0.5078125 0.033203125 0.046875
 0 0.28515625 0.5087890625 0.02734375 0.048828125
 0 0.3056640625 0.498046875 0.041015625 0.0546875
 0 0.3056640625 0.5009765625 0.021484375 0.048828125
 0 0.58984375 0.47265625 0.046875 0.04296875
 0 0.5869140625 0.478515625 0.041015625 0.03515625
 0 0.6513671875 0.46484375 0.037109375 0.04296875
 0 0.6513671875 0.4677734375 0.033203125 0.029296875
 0 0.724609375 0.45703125 0.02734375 0.01953125
 0 0.8720703125 0.4375 0.052734375 0.04296875
 0 0.869140625 0.431640625 0.03125 0.03125