
 0 0.0888671875 0.5419921875 0.064453125 0.060546875
 0 0.142578125 0.5302734375 0.0703125 0.052734375
 0 0.2021484375 0.521484375 0.048828125 0.0546875
 4 0.3486328125 0.3896484375 0.017578125 0.048828125
 0 0.4287109375 0.525390625 0.056640625 0.07421875
 4 0.51953125 0.3916015625 0.015625 0.052734375
 1 0.6416015625 0.50390625 0.025390625 0.078125
 1 0.8017578125 0.5078125 0.029296875 0.109375
 2 0.85546875 0.4951171875 0.04296875 0.087890625
 2 0.853515625 0.4775390625 0.0234375 0.048828125
 0 0.916015625 0.5009765625 0.1484375 0.076171875