
 3 0.0283203125 0.5263671875 0.056640625 0.150390625
 0 0.0791015625 0.5205078125 0.044921875 0.029296875
 0 0.119140625 0.5048828125 0.04296875 0.033203125
 3 0.1630859375 0.5126953125 0.048828125 0.041015625
 0 0.162109375 0.51171875 0.0390625 0.046875
 0 0.173828125 0.5400390625 0.0625 0.056640625
 0 0.1748046875 0.537109375 0.044921875 0.05078125
 0 0.244140625 0.5224609375 0.03515625 0.056640625
 0 0.2890625 0.5380859375 0.0859375 0.083984375
 0 0.3330078125 0.5205078125 0.033203125 0.037109375
 0 0.376953125 0.5166015625 0.0390625 0.048828125
 0 0.3779296875 0.51953125 0.025390625 0.0390625
 4 0.39453125 0.4130859375 0.015625 0.037109375
 4 0.43359375 0.421875 0.01953125 0.03125
 4 0.4951171875 0.4638671875 0.013671875 0.033203125
 4 0.521484375 0.4580078125 0.01171875 0.029296875
 0 0.5615234375 0.4970703125 0.056640625 0.037109375
 0 0.599609375 0.4970703125 0.03125 0.029296875