
 2 0.021484375 0.5478515625 0.03125 0.087890625
 2 0.01953125 0.54296875 0.01953125 0.0703125
 0 0.125 0.53125 0.09375 0.09765625
 3 0.1279296875 0.5302734375 0.091796875 0.087890625
 0 0.203125 0.541015625 0.07421875 0.06640625
 0 0.205078125 0.5048828125 0.06640625 0.037109375
 3 0.201171875 0.5146484375 0.0546875 0.048828125
 3 0.2919921875 0.484375 0.107421875 0.17578125
 0 0.3583984375 0.521484375 0.033203125 0.03515625
 0 0.39453125 0.51953125 0.03515625 0.04296875
 4 0.423828125 0.318359375 0.01953125 0.0546875
 0 0.5009765625 0.515625 0.052734375 0.078125
 4 0.5 0.3173828125 0.01953125 0.060546875
 4 0.6455078125 0.412109375 0.021484375 0.0625
 0 0.9208984375 0.525390625 0.126953125 0.08203125