
 0 0.931640625 0.5263671875 0.09375 0.056640625
 0 0.017578125 0.5458984375 0.02734375 0.029296875
 0 0.0537109375 0.5302734375 0.033203125 0.041015625
 0 0.111328125 0.5283203125 0.0234375 0.029296875
 0 0.162109375 0.541015625 0.0546875 0.078125
 0 0.166015625 0.5419921875 0.046875 0.064453125
 0 0.294921875 0.5234375 0.0390625 0.0625
 3 0.330078125 0.513671875 0.0703125 0.1171875
 0 0.626953125 0.53515625 0.08203125 0.0625
 0 0.640625 0.52734375 0.0859375 0.06640625
 0 0.697265625 0.5283203125 0.06640625 0.068359375
 0 0.8076171875 0.5263671875 0.115234375 0.076171875