
 0 0.2783203125 0.521484375 0.087890625 0.08203125
 0 0.2822265625 0.515625 0.068359375 0.06640625
 0 0.328125 0.5048828125 0.0546875 0.087890625
 0 0.3349609375 0.5068359375 0.052734375 0.080078125
 0 0.5361328125 0.5068359375 0.076171875 0.123046875
 0 0.603515625 0.4892578125 0.03125 0.056640625
 0 0.6259765625 0.498046875 0.037109375 0.078125
 0 0.662109375 0.5009765625 0.08984375 0.103515625
 0 0.6591796875 0.501953125 0.080078125 0.1015625
 0 0.7119140625 0.4833984375 0.041015625 0.068359375
 0 0.787109375 0.5322265625 0.15625 0.173828125