
 0 0.1611328125 0.466796875 0.322265625 0.421875
 3 0.154296875 0.4892578125 0.3046875 0.443359375
 4 0.36328125 0.30078125 0.01953125 0.0703125
 4 0.361328125 0.2890625 0.015625 0.0390625
 0 0.49609375 0.552734375 0.23828125 0.296875
 4 0.4775390625 0.2421875 0.013671875 0.05078125
 4 0.6376953125 0.353515625 0.017578125 0.03515625
 2 0.6435546875 0.486328125 0.025390625 0.09765625
 0 0.8232421875 0.5595703125 0.314453125 0.259765625
 0 0.939453125 0.4775390625 0.1171875 0.076171875
 4 0.9169921875 0.2646484375 0.029296875 0.080078125
 4 0.9169921875 0.2421875 0.021484375 0.04296875