
 1 0.96875 0.4736328125 0.03125 0.119140625
 1 0.0888671875 0.5546875 0.048828125 0.14453125
 0 0.123046875 0.5517578125 0.09765625 0.107421875
 1 0.0908203125 0.5498046875 0.025390625 0.130859375
 0 0.1220703125 0.556640625 0.076171875 0.08203125
 0 0.2275390625 0.5400390625 0.083984375 0.099609375
 0 0.287109375 0.52734375 0.02734375 0.046875
 0 0.4326171875 0.5205078125 0.056640625 0.068359375
 0 0.435546875 0.51953125 0.046875 0.05859375
 1 0.5400390625 0.513671875 0.025390625 0.125
 1 0.5625 0.53125 0.01953125 0.1171875
 4 0.5830078125 0.30859375 0.029296875 0.08984375
 1 0.5859375 0.51953125 0.01953125 0.125
 1 0.619140625 0.5029296875 0.02734375 0.130859375