
 0 0.052734375 0.5771484375 0.10546875 0.123046875
 0 0.912109375 0.6298828125 0.17578125 0.345703125
 0 0.1337890625 0.5712890625 0.080078125 0.099609375
 0 0.130859375 0.572265625 0.0703125 0.1015625
 0 0.185546875 0.5625 0.0625 0.078125
 0 0.1962890625 0.5634765625 0.052734375 0.072265625
 0 0.3125 0.5361328125 0.05078125 0.060546875
 0 0.4501953125 0.5302734375 0.037109375 0.060546875
 0 0.5263671875 0.533203125 0.041015625 0.05078125
 0 0.5673828125 0.541015625 0.064453125 0.078125
 0 0.57421875 0.5390625 0.06640625 0.08203125
 0 0.69140625 0.537109375 0.171875 0.1875