
 0 0.2138671875 0.525390625 0.107421875 0.0546875
 0 0.29296875 0.546875 0.0703125 0.08203125
 3 0.322265625 0.501953125 0.08203125 0.14453125
 0 0.419921875 0.5224609375 0.0625 0.091796875
 4 0.4443359375 0.4033203125 0.013671875 0.033203125
 3 0.5126953125 0.4912109375 0.083984375 0.146484375
 0 0.564453125 0.5380859375 0.09375 0.107421875
 4 0.560546875 0.4619140625 0.01171875 0.025390625
 0 0.6669921875 0.4931640625 0.087890625 0.080078125
 1 0.6337890625 0.5068359375 0.013671875 0.052734375
 1 0.6484375 0.5029296875 0.015625 0.052734375
 1 0.6611328125 0.5 0.013671875 0.046875
 0 0.837890625 0.5927734375 0.3203125 0.544921875