
 0 0.0302734375 0.5576171875 0.056640625 0.060546875
 2 0.2421875 0.5322265625 0.02734375 0.052734375
 0 0.41015625 0.556640625 0.28515625 0.14453125
 4 0.4228515625 0.3203125 0.017578125 0.05859375
 4 0.4970703125 0.3193359375 0.025390625 0.068359375
 0 0.5615234375 0.5224609375 0.068359375 0.076171875
 3 0.5537109375 0.4853515625 0.029296875 0.025390625
 4 0.64453125 0.4130859375 0.0234375 0.068359375
 0 0.9453125 0.7001953125 0.10546875 0.462890625
 0 0.9521484375 0.5185546875 0.080078125 0.095703125