
 1 0.126953125 0.560546875 0.05078125 0.203125
 1 0.1669921875 0.548828125 0.041015625 0.171875
 1 0.201171875 0.58984375 0.09375 0.3046875
 0 0.2900390625 0.5927734375 0.048828125 0.244140625
 1 0.404296875 0.5224609375 0.046875 0.099609375
 0 0.5595703125 0.6083984375 0.353515625 0.224609375
 1 0.462890625 0.5322265625 0.03515625 0.138671875
 1 0.58203125 0.4912109375 0.02734375 0.048828125
 1 0.7392578125 0.525390625 0.037109375 0.15625
 0 0.8955078125 0.537109375 0.201171875 0.21875