
 0 0.0771484375 0.52734375 0.076171875 0.06640625
 0 0.2060546875 0.529296875 0.072265625 0.0859375
 0 0.3427734375 0.5654296875 0.115234375 0.158203125
 4 0.3291015625 0.35546875 0.017578125 0.04296875
 0 0.4130859375 0.5283203125 0.072265625 0.126953125
 4 0.390625 0.353515625 0.015625 0.0390625
 0 0.4609375 0.5166015625 0.02734375 0.068359375
 0 0.482421875 0.5078125 0.03125 0.046875
 1 0.5283203125 0.4990234375 0.013671875 0.064453125
 0 0.974609375 0.5029296875 0.046875 0.060546875