
 1 0.0625 0.4912109375 0.04296875 0.103515625
 1 0.056640625 0.5205078125 0.02734375 0.076171875
 1 0.0673828125 0.484375 0.017578125 0.0703125
 4 0.203125 0.345703125 0.0234375 0.06640625
 4 0.205078125 0.349609375 0.0234375 0.07421875
 1 0.302734375 0.482421875 0.0390625 0.11328125
 1 0.380859375 0.478515625 0.01171875 0.0546875
 1 0.388671875 0.490234375 0.01171875 0.05859375
 1 0.5263671875 0.482421875 0.021484375 0.05859375
 0 0.5390625 0.4833984375 0.01953125 0.056640625
 0 0.5634765625 0.4892578125 0.037109375 0.060546875
 0 0.5634765625 0.484375 0.037109375 0.046875
 4 0.591796875 0.3232421875 0.015625 0.068359375
 1 0.7177734375 0.4765625 0.021484375 0.08203125
 1 0.7197265625 0.47265625 0.021484375 0.08984375
 0 0.9853515625 0.466796875 0.025390625 0.14453125