
 0 0.0322265625 0.5849609375 0.064453125 0.099609375
 0 0.919921875 0.61328125 0.16015625 0.421875
 0 0.1728515625 0.560546875 0.056640625 0.06640625
 0 0.310546875 0.5634765625 0.1171875 0.166015625
 0 0.3984375 0.5458984375 0.02734375 0.080078125
 0 0.4228515625 0.5478515625 0.060546875 0.107421875
 0 0.46484375 0.55078125 0.0625 0.11328125
 0 0.49609375 0.5673828125 0.04296875 0.126953125
 0 0.5478515625 0.5771484375 0.087890625 0.134765625
 0 0.6416015625 0.583984375 0.123046875 0.1796875
 0 0.78125 0.57421875 0.17578125 0.3359375