
 0 0.908203125 0.712890625 0.18359375 0.4765625
 0 0.0556640625 0.56640625 0.107421875 0.140625
 3 0.076171875 0.4609375 0.109375 0.09375
 3 0.0888671875 0.462890625 0.126953125 0.1171875
 3 0.1669921875 0.505859375 0.064453125 0.15234375
 0 0.236328125 0.5458984375 0.06640625 0.064453125
 0 0.2353515625 0.54296875 0.060546875 0.06640625
 3 0.2685546875 0.5107421875 0.083984375 0.107421875
 0 0.2802734375 0.5068359375 0.044921875 0.095703125
 0 0.3212890625 0.529296875 0.041015625 0.0546875
 0 0.380859375 0.5478515625 0.09375 0.123046875
 0 0.40625 0.50390625 0.0703125 0.125
 0 0.4326171875 0.5146484375 0.041015625 0.126953125
 0 0.47265625 0.5302734375 0.0390625 0.060546875
 0 0.53515625 0.533203125 0.078125 0.10546875
 0 0.533203125 0.53125 0.07421875 0.08203125
 0 0.822265625 0.5009765625 0.0859375 0.080078125
 0 0.82421875 0.5078125 0.06640625 0.0703125