
 0 0.044921875 0.515625 0.08984375 0.1796875
 0 0.0458984375 0.55078125 0.076171875 0.22265625
 0 0.09375 0.580078125 0.12890625 0.171875
 3 0.107421875 0.4736328125 0.08984375 0.072265625
 0 0.2841796875 0.5888671875 0.326171875 0.416015625
 4 0.31640625 0.3291015625 0.01953125 0.056640625
 4 0.4130859375 0.326171875 0.021484375 0.05078125
 0 0.486328125 0.5166015625 0.0390625 0.044921875
 0 0.4853515625 0.5166015625 0.021484375 0.041015625
 4 0.4912109375 0.328125 0.021484375 0.05859375
 0 0.5185546875 0.5234375 0.029296875 0.0546875
 0 0.7998046875 0.6328125 0.376953125 0.3671875
 0 0.63671875 0.54296875 0.046875 0.1171875
 0 0.76171875 0.4716796875 0.23046875 0.103515625
 4 0.6787109375 0.4169921875 0.017578125 0.048828125
 3 0.90234375 0.4755859375 0.078125 0.126953125
 4 0.9296875 0.255859375 0.0546875 0.16015625
 1 0.947265625 0.51171875 0.02734375 0.0546875
 0 0.9873046875 0.5205078125 0.021484375 0.060546875