
 1 0.072265625 0.509765625 0.01953125 0.046875
 0 0.2255859375 0.5400390625 0.091796875 0.115234375
 0 0.228515625 0.53125 0.0859375 0.10546875
 0 0.2900390625 0.5234375 0.048828125 0.05078125
 4 0.28515625 0.439453125 0.015625 0.04296875
 0 0.3740234375 0.568359375 0.142578125 0.19140625
 0 0.4443359375 0.51953125 0.052734375 0.09765625
 0 0.486328125 0.513671875 0.03515625 0.06640625
 4 0.4912109375 0.423828125 0.021484375 0.04296875
 4 0.4912109375 0.423828125 0.017578125 0.0390625
 1 0.5087890625 0.515625 0.017578125 0.08203125
 1 0.515625 0.515625 0.015625 0.0859375
 0 0.626953125 0.537109375 0.14453125 0.16796875
 0 0.8173828125 0.552734375 0.236328125 0.23046875