
 0 0.95703125 0.5615234375 0.0859375 0.146484375
 0 0.048828125 0.5791015625 0.09765625 0.150390625
 0 0.267578125 0.5302734375 0.06640625 0.080078125
 0 0.3525390625 0.533203125 0.033203125 0.0390625
 0 0.423828125 0.544921875 0.0703125 0.08984375
 4 0.4111328125 0.4443359375 0.013671875 0.033203125
 4 0.41015625 0.447265625 0.01171875 0.03125
 4 0.4482421875 0.4443359375 0.009765625 0.025390625
 0 0.4853515625 0.5302734375 0.029296875 0.037109375
 0 0.6015625 0.544921875 0.09375 0.1015625
 0 0.6650390625 0.5322265625 0.068359375 0.064453125