
 0 0.091796875 0.5634765625 0.1171875 0.076171875
 0 0.0966796875 0.5595703125 0.115234375 0.072265625
 0 0.173828125 0.5546875 0.078125 0.0703125
 0 0.17578125 0.5537109375 0.06640625 0.064453125
 0 0.275390625 0.541015625 0.05859375 0.078125
 4 0.306640625 0.470703125 0.01171875 0.03125
 0 0.3212890625 0.537109375 0.041015625 0.05078125
 0 0.3212890625 0.5390625 0.037109375 0.0625
 0 0.3447265625 0.52734375 0.033203125 0.04296875
 0 0.400390625 0.5595703125 0.10546875 0.146484375
 4 0.470703125 0.458984375 0.01171875 0.03125
 0 0.564453125 0.5224609375 0.04296875 0.123046875
 0 0.6162109375 0.5205078125 0.146484375 0.115234375
 0 0.63671875 0.5439453125 0.16015625 0.107421875
 0 0.595703125 0.546875 0.07421875 0.10546875
 0 0.716796875 0.5654296875 0.21875 0.138671875