
 1 0.8623046875 0.5576171875 0.072265625 0.345703125
 1 0.7431640625 0.55859375 0.052734375 0.234375
 1 0.0654296875 0.6005859375 0.013671875 0.044921875
 1 0.076171875 0.6064453125 0.01171875 0.048828125
 0 0.3056640625 0.583984375 0.052734375 0.0546875
 1 0.3125 0.58203125 0.04296875 0.0546875
 1 0.482421875 0.5615234375 0.02734375 0.080078125
 1 0.5 0.5537109375 0.015625 0.087890625
 1 0.5166015625 0.556640625 0.025390625 0.09375
 1 0.517578125 0.5615234375 0.01953125 0.091796875
 1 0.69140625 0.560546875 0.046875 0.23828125
 1 0.6982421875 0.5537109375 0.041015625 0.240234375