
 2 0.193359375 0.5458984375 0.015625 0.052734375
 2 0.171875 0.55078125 0.015625 0.05859375
 0 0.2236328125 0.5537109375 0.056640625 0.068359375
 0 0.2626953125 0.54296875 0.037109375 0.046875
 0 0.2841796875 0.54296875 0.025390625 0.02734375
 0 0.36328125 0.5390625 0.03515625 0.05078125
 1 0.4638671875 0.5380859375 0.017578125 0.056640625
 2 0.4833984375 0.5322265625 0.017578125 0.064453125
 1 0.6572265625 0.541015625 0.013671875 0.0546875
 0 0.708984375 0.544921875 0.07421875 0.0390625