
 0 0.1806640625 0.4775390625 0.056640625 0.056640625
 0 0.234375 0.5078125 0.0859375 0.09375
 0 0.234375 0.515625 0.08203125 0.08984375
 0 0.2900390625 0.505859375 0.025390625 0.07421875
 4 0.3603515625 0.4453125 0.013671875 0.03125
 4 0.361328125 0.4453125 0.01171875 0.03125
 0 0.42578125 0.48828125 0.03515625 0.0546875
 0 0.5283203125 0.5048828125 0.126953125 0.181640625
 4 0.505859375 0.384765625 0.01953125 0.03125
 4 0.5107421875 0.373046875 0.013671875 0.03125
 4 0.57421875 0.44140625 0.01171875 0.03125
 4 0.5771484375 0.4365234375 0.017578125 0.025390625
 0 0.6044921875 0.5068359375 0.060546875 0.083984375
 4 0.5986328125 0.4130859375 0.021484375 0.048828125
 4 0.599609375 0.4169921875 0.01171875 0.021484375