
 0 0.2080078125 0.55078125 0.103515625 0.09375
 4 0.24609375 0.4248046875 0.015625 0.048828125
 0 0.36328125 0.619140625 0.22265625 0.2734375
 0 0.455078125 0.544921875 0.10546875 0.17578125
 0 0.5224609375 0.53125 0.072265625 0.11328125
 4 0.51953125 0.40625 0.01953125 0.05859375
 1 0.5673828125 0.52734375 0.029296875 0.125
 1 0.583984375 0.5322265625 0.015625 0.146484375
 0 0.6396484375 0.517578125 0.119140625 0.08203125
 0 0.638671875 0.515625 0.10546875 0.09765625
 1 0.599609375 0.52734375 0.0234375 0.125
 1 0.6455078125 0.517578125 0.025390625 0.109375
 1 0.716796875 0.4912109375 0.01953125 0.072265625
 1 0.76171875 0.5029296875 0.04296875 0.076171875
 0 0.912109375 0.6142578125 0.171875 0.525390625