
 0 0.025390625 0.568359375 0.05078125 0.0703125
 0 0.171875 0.5654296875 0.09375 0.111328125
 0 0.2294921875 0.55859375 0.048828125 0.0703125
 0 0.2880859375 0.537109375 0.037109375 0.05078125
 0 0.3505859375 0.5341796875 0.087890625 0.064453125
 0 0.419921875 0.515625 0.02734375 0.03515625
 0 0.50390625 0.541015625 0.03125 0.07421875
 1 0.625 0.509765625 0.02734375 0.09375
 1 0.626953125 0.51953125 0.03125 0.10546875
 1 0.720703125 0.537109375 0.04296875 0.15234375
 1 0.92578125 0.6396484375 0.14453125 0.677734375
 1 0.9267578125 0.6435546875 0.142578125 0.669921875