
 0 0.0546875 0.544921875 0.0703125 0.07421875
 0 0.099609375 0.5419921875 0.03125 0.048828125
 0 0.353515625 0.533203125 0.09765625 0.14453125
 4 0.359375 0.44921875 0.01953125 0.02734375
 4 0.3583984375 0.45703125 0.013671875 0.03125
 0 0.4130859375 0.5341796875 0.037109375 0.083984375
 4 0.4287109375 0.4189453125 0.009765625 0.029296875
 4 0.431640625 0.421875 0.015625 0.0390625
 4 0.45703125 0.4609375 0.01953125 0.03125
 4 0.45703125 0.46484375 0.01171875 0.03125
 4 0.5087890625 0.4384765625 0.017578125 0.056640625
 4 0.509765625 0.431640625 0.01171875 0.03515625
 0 0.6474609375 0.56640625 0.166015625 0.17578125