
 0 0.2724609375 0.5400390625 0.005859375 0.005859375
 0 0.265625 0.5390625 0.0078125 0.0078125
 0 0.259765625 0.537109375 0.0078125 0.0078125
 0 0.2529296875 0.5380859375 0.009765625 0.009765625
 0 0.2890625 0.537109375 0.01171875 0.01171875
 0 0.29296875 0.5400390625 0.01171875 0.013671875
 0 0.306640625 0.54296875 0.015625 0.01953125
 0 0.31640625 0.5439453125 0.015625 0.021484375
 0 0.228515625 0.5400390625 0.01171875 0.013671875
 0 0.2216796875 0.54296875 0.013671875 0.015625
 0 0.212890625 0.546875 0.015625 0.01953125
 0 0.205078125 0.5478515625 0.015625 0.025390625