
 0 0.05859375 0.5546875 0.1171875 0.09375
 0 0.0615234375 0.5625 0.123046875 0.08984375
 0 0.14453125 0.546875 0.1015625 0.078125
 0 0.1435546875 0.5439453125 0.091796875 0.072265625
 0 0.2470703125 0.529296875 0.072265625 0.09375
 0 0.3046875 0.5283203125 0.046875 0.060546875
 0 0.3046875 0.5302734375 0.04296875 0.056640625
 4 0.298828125 0.458984375 0.01171875 0.03125
 0 0.3369140625 0.5185546875 0.037109375 0.056640625
 0 0.3984375 0.552734375 0.10546875 0.15625
 4 0.4736328125 0.4423828125 0.009765625 0.033203125
 0 0.5546875 0.51953125 0.04296875 0.109375
 0 0.5859375 0.5087890625 0.05078125 0.134765625
 0 0.6455078125 0.5087890625 0.169921875 0.130859375
 0 0.67578125 0.5419921875 0.18359375 0.142578125
 0 0.6455078125 0.5380859375 0.119140625 0.130859375
 0 0.7890625 0.5703125 0.26953125 0.1640625