
 0 0.927734375 0.64453125 0.14453125 0.375
 0 0.8544921875 0.5556640625 0.275390625 0.279296875
 0 0.1298828125 0.5537109375 0.251953125 0.330078125
 0 0.2841796875 0.5087890625 0.025390625 0.052734375
 0 0.287109375 0.5048828125 0.0234375 0.044921875
 0 0.314453125 0.5029296875 0.04296875 0.037109375
 0 0.3486328125 0.498046875 0.029296875 0.04296875
 0 0.3896484375 0.4951171875 0.017578125 0.044921875
 0 0.41796875 0.5009765625 0.05859375 0.076171875
 0 0.455078125 0.4931640625 0.03515625 0.048828125
 0 0.5048828125 0.4873046875 0.021484375 0.021484375
 0 0.5546875 0.4912109375 0.04296875 0.044921875
 0 0.5888671875 0.5048828125 0.056640625 0.068359375
 0 0.693359375 0.490234375 0.0703125 0.05078125