
 4 0.0322265625 0.46484375 0.041015625 0.1328125
 0 0.099609375 0.5537109375 0.09765625 0.103515625
 0 0.2724609375 0.53515625 0.056640625 0.07421875
 0 0.2744140625 0.5361328125 0.048828125 0.048828125
 4 0.4287109375 0.328125 0.017578125 0.0546875
 4 0.4326171875 0.3291015625 0.021484375 0.060546875
 4 0.5869140625 0.40625 0.017578125 0.05859375
 4 0.587890625 0.4091796875 0.01953125 0.060546875
 0 0.8486328125 0.53125 0.169921875 0.08984375
 0 0.8486328125 0.51953125 0.169921875 0.08203125