
 1 0.8974609375 0.6025390625 0.091796875 0.572265625
 1 0.892578125 0.658203125 0.2109375 0.62109375
 0 0.1015625 0.5966796875 0.203125 0.251953125
 0 0.2666015625 0.5546875 0.119140625 0.13671875
 0 0.3515625 0.541015625 0.078125 0.0625
 0 0.34765625 0.537109375 0.06640625 0.078125
 3 0.4208984375 0.501953125 0.033203125 0.0390625
 0 0.447265625 0.517578125 0.03125 0.05078125
 0 0.4931640625 0.525390625 0.048828125 0.08984375
 3 0.4921875 0.51953125 0.046875 0.0703125
 0 0.5439453125 0.5234375 0.037109375 0.05078125
 0 0.6220703125 0.548828125 0.083984375 0.09765625