
 0 0.7099609375 0.4892578125 0.060546875 0.044921875
 0 0.150390625 0.5400390625 0.0625 0.076171875
 0 0.20703125 0.53515625 0.05078125 0.0625
 0 0.345703125 0.5732421875 0.21484375 0.302734375
 4 0.2685546875 0.3525390625 0.017578125 0.056640625
 4 0.326171875 0.3369140625 0.01171875 0.037109375
 4 0.380859375 0.3486328125 0.01171875 0.037109375
 4 0.474609375 0.4296875 0.01171875 0.03515625
 4 0.5830078125 0.330078125 0.033203125 0.09375
 0 0.6142578125 0.50390625 0.087890625 0.0546875