
 0 0.064453125 0.634765625 0.12890625 0.328125
 3 0.07421875 0.4970703125 0.14453125 0.134765625
 1 0.1396484375 0.5341796875 0.025390625 0.095703125
 0 0.1552734375 0.5615234375 0.052734375 0.064453125
 0 0.2978515625 0.658203125 0.330078125 0.421875
 1 0.142578125 0.5380859375 0.01953125 0.111328125
 4 0.337890625 0.2490234375 0.0234375 0.068359375
 3 0.4658203125 0.5087890625 0.037109375 0.068359375
 4 0.4658203125 0.279296875 0.021484375 0.06640625
 1 0.6025390625 0.5283203125 0.017578125 0.083984375
 1 0.6240234375 0.5224609375 0.033203125 0.091796875
 4 0.6416015625 0.396484375 0.021484375 0.0625
 0 0.880859375 0.55859375 0.234375 0.66796875