
 0 0.0673828125 0.6181640625 0.134765625 0.357421875
 1 0.1015625 0.5048828125 0.03515625 0.091796875
 0 0.1328125 0.541015625 0.046875 0.07421875
 0 0.173828125 0.5400390625 0.05078125 0.052734375
 0 0.326171875 0.6533203125 0.32421875 0.408203125
 4 0.2783203125 0.279296875 0.025390625 0.06640625
 4 0.390625 0.2861328125 0.0234375 0.076171875
 1 0.490234375 0.5263671875 0.0234375 0.068359375
 1 0.5478515625 0.5234375 0.013671875 0.0703125
 1 0.5537109375 0.521484375 0.021484375 0.07421875
 4 0.5634765625 0.4140625 0.025390625 0.07421875
 1 0.5673828125 0.515625 0.013671875 0.078125
 1 0.5791015625 0.5205078125 0.017578125 0.080078125
 1 0.59375 0.5185546875 0.0234375 0.091796875
 2 0.6279296875 0.5283203125 0.033203125 0.091796875
 2 0.654296875 0.52734375 0.03125 0.08984375
 1 0.6865234375 0.525390625 0.021484375 0.0859375
 1 0.7021484375 0.5263671875 0.021484375 0.087890625
 1 0.7255859375 0.521484375 0.021484375 0.0859375
 1 0.791015625 0.51953125 0.03515625 0.1328125
 0 0.9521484375 0.5205078125 0.091796875 0.083984375
 1 0.955078125 0.490234375 0.015625 0.0546875