
 0 0.2099609375 0.4580078125 0.029296875 0.041015625
 0 0.21484375 0.458984375 0.03515625 0.0390625
 0 0.23828125 0.45703125 0.0234375 0.03125
 0 0.240234375 0.4580078125 0.01953125 0.029296875
 0 0.27734375 0.4638671875 0.02734375 0.037109375
 0 0.279296875 0.466796875 0.02734375 0.03125
 0 0.3212890625 0.45703125 0.033203125 0.04296875
 0 0.3251953125 0.4619140625 0.029296875 0.037109375
 0 0.3466796875 0.4580078125 0.017578125 0.033203125
 0 0.51171875 0.482421875 0.04296875 0.04296875
 0 0.5830078125 0.4765625 0.048828125 0.078125
 4 0.6669921875 0.3984375 0.013671875 0.0234375
 4 0.669921875 0.3876953125 0.01171875 0.037109375
 0 0.6796875 0.4619140625 0.03125 0.025390625
 2 0.708984375 0.4814453125 0.01953125 0.048828125