
 1 0.974609375 0.5576171875 0.05078125 0.357421875
 0 0.20703125 0.55859375 0.14453125 0.12890625
 0 0.2060546875 0.560546875 0.134765625 0.140625
 0 0.291015625 0.5341796875 0.03125 0.052734375
 0 0.4765625 0.5322265625 0.01953125 0.064453125
 0 0.517578125 0.537109375 0.0625 0.0625
 1 0.5966796875 0.5185546875 0.021484375 0.083984375
 1 0.5966796875 0.51953125 0.017578125 0.09765625
 1 0.6650390625 0.5234375 0.029296875 0.125
 1 0.6904296875 0.5322265625 0.041015625 0.138671875
 1 0.884765625 0.5654296875 0.06640625 0.380859375