
 0 0.1416015625 0.5146484375 0.068359375 0.076171875
 0 0.2900390625 0.533203125 0.138671875 0.140625
 4 0.2919921875 0.34765625 0.017578125 0.046875
 4 0.3720703125 0.3369140625 0.017578125 0.037109375
 4 0.3720703125 0.337890625 0.013671875 0.04296875
 4 0.4326171875 0.345703125 0.013671875 0.04296875
 0 0.458984375 0.498046875 0.03125 0.0390625
 0 0.5009765625 0.505859375 0.060546875 0.078125
 4 0.591796875 0.4208984375 0.01953125 0.041015625
 4 0.623046875 0.3798828125 0.0234375 0.056640625
 0 0.658203125 0.5029296875 0.046875 0.052734375
 0 0.6904296875 0.5029296875 0.072265625 0.048828125
 0 0.7431640625 0.4931640625 0.087890625 0.060546875
 0 0.7900390625 0.4873046875 0.056640625 0.064453125