
 0 0.080078125 0.6181640625 0.15625 0.423828125
 4 0.0859375 0.40234375 0.015625 0.05859375
 4 0.0869140625 0.3935546875 0.013671875 0.033203125
 0 0.2021484375 0.560546875 0.189453125 0.16796875
 4 0.419921875 0.2734375 0.01953125 0.0546875
 4 0.419921875 0.275390625 0.015625 0.046875
 0 0.482421875 0.51953125 0.06640625 0.08984375
 4 0.5166015625 0.279296875 0.017578125 0.05078125
 0 0.69140625 0.5263671875 0.08984375 0.166015625
 0 0.677734375 0.5009765625 0.05078125 0.052734375
 4 0.666015625 0.390625 0.01953125 0.05859375
 0 0.8388671875 0.5537109375 0.318359375 0.408203125