
 0 0.3349609375 0.5341796875 0.052734375 0.033203125
 4 0.361328125 0.447265625 0.01171875 0.03125
 0 0.396484375 0.5302734375 0.03125 0.041015625
 4 0.3994140625 0.44921875 0.013671875 0.0390625
 0 0.439453125 0.5224609375 0.0390625 0.056640625
 4 0.4365234375 0.455078125 0.013671875 0.02734375
 0 0.4697265625 0.53125 0.052734375 0.07421875
 4 0.48046875 0.4814453125 0.015625 0.033203125
 0 0.548828125 0.5244140625 0.046875 0.029296875
 4 0.5439453125 0.4765625 0.013671875 0.0390625
 0 0.63671875 0.546875 0.10546875 0.1171875