
 0 0.1259765625 0.55078125 0.068359375 0.06640625
 0 0.2705078125 0.5263671875 0.056640625 0.068359375
 0 0.3134765625 0.521484375 0.041015625 0.05078125
 0 0.345703125 0.5185546875 0.02734375 0.037109375
 0 0.373046875 0.515625 0.0234375 0.03515625
 0 0.4130859375 0.5400390625 0.076171875 0.095703125
 4 0.4150390625 0.453125 0.009765625 0.0234375
 4 0.4443359375 0.451171875 0.009765625 0.01953125
 0 0.5166015625 0.5224609375 0.037109375 0.052734375
 0 0.6328125 0.5185546875 0.0703125 0.064453125