
 1 0.115234375 0.51953125 0.0234375 0.05078125
 1 0.1240234375 0.5234375 0.025390625 0.08203125
 1 0.2177734375 0.525390625 0.017578125 0.06640625
 1 0.2509765625 0.5986328125 0.080078125 0.322265625
 1 0.2451171875 0.595703125 0.044921875 0.24609375
 1 0.3388671875 0.578125 0.076171875 0.328125
 0 0.4208984375 0.5595703125 0.166015625 0.173828125
 1 0.447265625 0.5830078125 0.05859375 0.255859375
 0 0.5673828125 0.4951171875 0.123046875 0.091796875
 0 0.6201171875 0.501953125 0.099609375 0.07421875
 0 0.6630859375 0.494140625 0.103515625 0.078125