
 0 0.939453125 0.65234375 0.12109375 0.30859375
 0 0.0625 0.509765625 0.03125 0.03515625
 4 0.1328125 0.3916015625 0.01953125 0.048828125
 4 0.130859375 0.3994140625 0.015625 0.037109375
 0 0.1513671875 0.5068359375 0.037109375 0.037109375
 4 0.18359375 0.40234375 0.015625 0.03515625
 4 0.1845703125 0.408203125 0.013671875 0.03515625
 0 0.2705078125 0.4931640625 0.052734375 0.072265625
 0 0.2734375 0.4951171875 0.046875 0.048828125
 4 0.2607421875 0.453125 0.013671875 0.03125
 0 0.3369140625 0.4951171875 0.052734375 0.068359375
 0 0.369140625 0.4951171875 0.0234375 0.044921875
 0 0.486328125 0.482421875 0.046875 0.0390625
 4 0.4765625 0.4296875 0.01953125 0.0390625
 4 0.4765625 0.4208984375 0.01171875 0.029296875
 0 0.560546875 0.5068359375 0.10546875 0.130859375
 0 0.736328125 0.5537109375 0.19140625 0.232421875
 0 0.732421875 0.5439453125 0.16796875 0.166015625