
 0 0.25 0.5283203125 0.0234375 0.033203125
 0 0.21875 0.5341796875 0.01953125 0.025390625
 0 0.03515625 0.546875 0.06640625 0.046875
 0 0.177734375 0.537109375 0.04296875 0.03515625
 4 0.27734375 0.4326171875 0.01171875 0.021484375
 4 0.27734375 0.435546875 0.01171875 0.03125
 0 0.2919921875 0.529296875 0.033203125 0.046875
 4 0.306640625 0.4404296875 0.01171875 0.025390625
 4 0.306640625 0.44140625 0.0078125 0.03125
 4 0.3544921875 0.4716796875 0.013671875 0.029296875
 0 0.3876953125 0.52734375 0.056640625 0.0703125
 4 0.40234375 0.462890625 0.01171875 0.03125