
 4 0.08203125 0.078125 0.1640625 0.15625
 0 0.1650390625 0.5205078125 0.162109375 0.126953125
 0 0.1708984375 0.521484375 0.162109375 0.140625
 0 0.19140625 0.498046875 0.0703125 0.07421875
 0 0.40625 0.48828125 0.0546875 0.0625
 0 0.447265625 0.4990234375 0.0234375 0.041015625
 0 0.4951171875 0.494140625 0.037109375 0.04296875
 4 0.5634765625 0.3681640625 0.021484375 0.064453125
 0 0.6181640625 0.4814453125 0.052734375 0.056640625
 0 0.6171875 0.484375 0.0390625 0.06640625
 0 0.658203125 0.4990234375 0.05078125 0.056640625
 0 0.6591796875 0.494140625 0.048828125 0.06640625
 4 0.65234375 0.3564453125 0.015625 0.041015625
 0 0.6728515625 0.4833984375 0.044921875 0.037109375
 0 0.6884765625 0.4931640625 0.017578125 0.056640625
 0 0.76171875 0.5068359375 0.09765625 0.134765625
 0 0.7587890625 0.509765625 0.091796875 0.1015625
 4 0.7255859375 0.4140625 0.017578125 0.046875
 None 0.80078125 0.076171875 0.05078125 0.1171875
 0 0.8857421875 0.509765625 0.201171875 0.21875
 4 0.80078125 0.07421875 0.02734375 0.08984375
 1 0.978515625 0.4912109375 0.0234375 0.083984375