
 1 0.044921875 0.560546875 0.01953125 0.06640625
 1 0.1689453125 0.5537109375 0.017578125 0.080078125
 4 0.2099609375 0.412109375 0.021484375 0.05078125
 4 0.2109375 0.416015625 0.0234375 0.05078125
 0 0.2470703125 0.556640625 0.091796875 0.078125
 0 0.306640625 0.5537109375 0.03125 0.052734375
 0 0.3310546875 0.548828125 0.025390625 0.07421875
 0 0.4287109375 0.5634765625 0.181640625 0.271484375
 0 0.6611328125 0.533203125 0.189453125 0.1171875
 4 0.59765625 0.3935546875 0.01953125 0.068359375
 1 0.6767578125 0.494140625 0.017578125 0.0703125
 1 0.900390625 0.482421875 0.0234375 0.09765625