
 0 0.021484375 0.5859375 0.04296875 0.125
 0 0.8935546875 0.609375 0.212890625 0.4375
 0 0.0966796875 0.5615234375 0.111328125 0.119140625
 0 0.177734375 0.5576171875 0.0625 0.083984375
 0 0.1787109375 0.5576171875 0.060546875 0.076171875
 0 0.21484375 0.5556640625 0.04296875 0.080078125
 0 0.2412109375 0.5517578125 0.037109375 0.068359375
 0 0.271484375 0.541015625 0.0390625 0.0703125
 0 0.3876953125 0.533203125 0.044921875 0.0390625
 0 0.4248046875 0.5224609375 0.033203125 0.048828125
 0 0.5693359375 0.5380859375 0.041015625 0.091796875
 0 0.6162109375 0.5498046875 0.087890625 0.103515625
 0 0.7197265625 0.58203125 0.142578125 0.22265625