
 2 0.0546875 0.546875 0.03515625 0.0703125
 4 0.0517578125 0.439453125 0.021484375 0.0546875
 2 0.0615234375 0.54296875 0.017578125 0.06640625
 1 0.0810546875 0.5380859375 0.025390625 0.080078125
 1 0.083984375 0.5419921875 0.02734375 0.076171875
 2 0.0810546875 0.5380859375 0.009765625 0.068359375
 0 0.1728515625 0.525390625 0.087890625 0.07421875
 3 0.173828125 0.521484375 0.08203125 0.08203125
 3 0.2373046875 0.5126953125 0.056640625 0.056640625
 0 0.24609375 0.515625 0.0625 0.05859375
 0 0.2470703125 0.5322265625 0.056640625 0.048828125
 1 0.28515625 0.513671875 0.0234375 0.07421875
 3 0.3271484375 0.4814453125 0.099609375 0.146484375
 0 0.4150390625 0.517578125 0.033203125 0.03515625
 4 0.44921875 0.3232421875 0.01953125 0.056640625
 0 0.46484375 0.513671875 0.02734375 0.0390625
 4 0.5185546875 0.326171875 0.021484375 0.06640625
 0 0.5478515625 0.5078125 0.041015625 0.06640625
 4 0.6552734375 0.41015625 0.021484375 0.0625
 0 0.84765625 0.52734375 0.13671875 0.0703125
 0 0.9658203125 0.796875 0.064453125 0.40234375