
 0 0.060546875 0.5126953125 0.10546875 0.091796875
 0 0.1357421875 0.513671875 0.052734375 0.09765625
 4 0.14453125 0.14453125 0.02734375 0.08203125
 4 0.1474609375 0.140625 0.025390625 0.0859375
 0 0.1943359375 0.4951171875 0.076171875 0.064453125
 0 0.19140625 0.5029296875 0.0703125 0.083984375
 0 0.291015625 0.4912109375 0.03125 0.037109375
 4 0.4033203125 0.1787109375 0.025390625 0.083984375
 4 0.658203125 0.3349609375 0.01953125 0.072265625
 1 0.755859375 0.4775390625 0.015625 0.103515625
 1 0.759765625 0.4794921875 0.01171875 0.107421875
 1 0.775390625 0.4755859375 0.015625 0.103515625