
 0 0.1220703125 0.55078125 0.119140625 0.13671875
 0 0.12890625 0.5478515625 0.12109375 0.115234375
 0 0.19921875 0.537109375 0.05859375 0.0859375
 0 0.20703125 0.537109375 0.05078125 0.09765625
 0 0.240234375 0.529296875 0.03125 0.06640625
 0 0.26171875 0.51953125 0.0390625 0.07421875
 0 0.46484375 0.5234375 0.03515625 0.0546875
 0 0.5068359375 0.53125 0.072265625 0.07421875
 0 0.5009765625 0.5263671875 0.056640625 0.060546875
 0 0.58984375 0.5419921875 0.0703125 0.123046875
 0 0.703125 0.5390625 0.1796875 0.1875