
 3 0.0654296875 0.5517578125 0.130859375 0.087890625
 0 0.06640625 0.5537109375 0.1328125 0.087890625
 1 0.0517578125 0.5732421875 0.025390625 0.072265625
 3 0.138671875 0.5458984375 0.0703125 0.083984375
 0 0.1396484375 0.552734375 0.072265625 0.0859375
 4 0.134765625 0.4306640625 0.0234375 0.068359375
 3 0.19921875 0.54296875 0.0625 0.0390625
 0 0.1982421875 0.5615234375 0.060546875 0.052734375
 0 0.302734375 0.568359375 0.07421875 0.078125
 0 0.3369140625 0.5615234375 0.033203125 0.064453125
 0 0.4931640625 0.560546875 0.029296875 0.06640625
 0 0.515625 0.5634765625 0.05859375 0.068359375
 4 0.591796875 0.3935546875 0.02734375 0.080078125
 4 0.818359375 0.443359375 0.0234375 0.0390625