
 0 0.19140625 0.498046875 0.12890625 0.16796875
 0 0.0830078125 0.5390625 0.095703125 0.125
 0 0.3466796875 0.4990234375 0.060546875 0.083984375
 0 0.4990234375 0.498046875 0.044921875 0.07421875
 0 0.5927734375 0.5 0.029296875 0.07421875
 0 0.6162109375 0.5029296875 0.041015625 0.107421875
 0 0.6201171875 0.505859375 0.044921875 0.109375
 0 0.6826171875 0.521484375 0.103515625 0.09375
 0 0.669921875 0.525390625 0.078125 0.12109375
 0 0.798828125 0.560546875 0.203125 0.21875
 0 0.7978515625 0.5537109375 0.197265625 0.154296875