
 2 0.044921875 0.5654296875 0.0234375 0.083984375
 4 0.0576171875 0.478515625 0.017578125 0.0390625
 4 0.05859375 0.4697265625 0.01953125 0.056640625
 0 0.2060546875 0.5732421875 0.154296875 0.185546875
 0 0.3955078125 0.5791015625 0.177734375 0.248046875
 4 0.375 0.3486328125 0.01953125 0.072265625
 4 0.3740234375 0.3466796875 0.017578125 0.048828125
 4 0.5478515625 0.4453125 0.021484375 0.0625
 1 0.6201171875 0.5419921875 0.033203125 0.130859375
 0 0.9853515625 0.5068359375 0.025390625 0.119140625