
 0 0.5595703125 0.515625 0.029296875 0.046875
 1 0.638671875 0.5048828125 0.0234375 0.056640625
 1 0.02734375 0.5439453125 0.015625 0.072265625
 1 0.044921875 0.5478515625 0.015625 0.056640625
 1 0.048828125 0.5498046875 0.01171875 0.076171875
 4 0.0556640625 0.4365234375 0.017578125 0.048828125
 1 0.0615234375 0.546875 0.013671875 0.0703125
 1 0.080078125 0.5380859375 0.0234375 0.080078125
 1 0.0830078125 0.5380859375 0.017578125 0.072265625
 1 0.0947265625 0.541015625 0.017578125 0.0703125
 2 0.0986328125 0.5390625 0.017578125 0.06640625
 1 0.140625 0.6044921875 0.0703125 0.427734375
 1 0.1435546875 0.5927734375 0.068359375 0.435546875
 0 0.171875 0.525390625 0.0859375 0.07421875
 3 0.17578125 0.521484375 0.078125 0.08203125
 3 0.2412109375 0.5107421875 0.056640625 0.056640625
 0 0.244140625 0.515625 0.0625 0.05859375
 0 0.2470703125 0.5322265625 0.056640625 0.048828125
 1 0.28515625 0.513671875 0.0234375 0.07421875
 3 0.3291015625 0.4814453125 0.099609375 0.146484375
 1 0.4736328125 0.6064453125 0.154296875 0.380859375
 4 0.44921875 0.3193359375 0.01953125 0.052734375
 0 0.501953125 0.51953125 0.046875 0.0625
 0 0.501953125 0.515625 0.0390625 0.0546875
 4 0.5185546875 0.3232421875 0.021484375 0.068359375
 4 0.65625 0.4072265625 0.01953125 0.060546875
 0 0.8798828125 0.5078125 0.169921875 0.09765625