
 0 0.283203125 0.55078125 0.0859375 0.08984375
 3 0.318359375 0.4931640625 0.08984375 0.154296875
 0 0.3818359375 0.5126953125 0.029296875 0.052734375
 0 0.4296875 0.51953125 0.06640625 0.08984375
 4 0.4599609375 0.396484375 0.009765625 0.03125
 3 0.53515625 0.4853515625 0.09765625 0.166015625
 0 0.5908203125 0.54296875 0.107421875 0.1171875
 0 0.70703125 0.490234375 0.09765625 0.078125
 1 0.6669921875 0.498046875 0.013671875 0.0546875
 0 0.7080078125 0.4775390625 0.087890625 0.080078125
 1 0.677734375 0.5009765625 0.015625 0.052734375
 1 0.6904296875 0.501953125 0.013671875 0.046875
 0 0.8779296875 0.5400390625 0.240234375 0.544921875