
 0 0.5400390625 0.537109375 0.138671875 0.0859375
 2 0.0146484375 0.5537109375 0.025390625 0.083984375
 2 0.0458984375 0.5478515625 0.037109375 0.080078125
 1 0.4775390625 0.5673828125 0.052734375 0.224609375
 1 0.068359375 0.544921875 0.015625 0.0703125
 1 0.07421875 0.65625 0.01953125 0.07421875
 0 0.12109375 0.541015625 0.08203125 0.08203125
 1 0.1220703125 0.5439453125 0.044921875 0.076171875
 2 0.1298828125 0.546875 0.048828125 0.078125
 0 0.330078125 0.6533203125 0.328125 0.412109375
 4 0.28125 0.275390625 0.01953125 0.0625
 4 0.3896484375 0.287109375 0.017578125 0.0703125
 4 0.5625 0.408203125 0.01953125 0.0625
 0 0.6728515625 0.53125 0.150390625 0.0859375
 2 0.8525390625 0.5283203125 0.060546875 0.095703125
 2 0.92578125 0.521484375 0.06640625 0.09375