
 0 0.92578125 0.6083984375 0.14453125 0.349609375
 0 0.03515625 0.53125 0.0703125 0.11328125
 0 0.4052734375 0.5390625 0.126953125 0.17578125
 4 0.3896484375 0.4599609375 0.013671875 0.021484375
 0 0.4697265625 0.5361328125 0.056640625 0.080078125
 4 0.517578125 0.4580078125 0.015625 0.037109375
 0 0.580078125 0.5419921875 0.04296875 0.091796875
 0 0.6240234375 0.541015625 0.076171875 0.125
 0 0.689453125 0.5634765625 0.12109375 0.169921875
 1 0.6845703125 0.4794921875 0.025390625 0.041015625
 0 0.802734375 0.6005859375 0.20703125 0.212890625
 1 0.7216796875 0.4912109375 0.021484375 0.044921875