
 2 0.740234375 0.529296875 0.05859375 0.08984375
 2 0.662109375 0.5302734375 0.03515625 0.091796875
 2 0.6181640625 0.533203125 0.052734375 0.08203125
 2 0.0859375 0.548828125 0.04296875 0.08984375
 1 0.1328125 0.568359375 0.0859375 0.23046875
 1 0.109375 0.546875 0.01953125 0.07421875
 0 0.330078125 0.65234375 0.328125 0.4140625
 0 0.2265625 0.509765625 0.046875 0.10546875
 4 0.28125 0.275390625 0.01953125 0.0625
 4 0.3896484375 0.287109375 0.017578125 0.0703125
 2 0.5048828125 0.5302734375 0.111328125 0.201171875
 0 0.5146484375 0.5224609375 0.056640625 0.080078125
 4 0.5625 0.408203125 0.01953125 0.0625
 1 0.6884765625 0.4853515625 0.021484375 0.041015625
 1 0.7060546875 0.4814453125 0.017578125 0.041015625