
 4 0.09765625 0.3544921875 0.02734375 0.076171875
 4 0.095703125 0.341796875 0.01953125 0.0546875
 4 0.1201171875 0.3427734375 0.021484375 0.056640625
 0 0.15625 0.498046875 0.05859375 0.08203125
 0 0.15625 0.505859375 0.05078125 0.08984375
 0 0.2001953125 0.51171875 0.095703125 0.09375
 0 0.2041015625 0.5185546875 0.083984375 0.083984375
 0 0.3427734375 0.533203125 0.181640625 0.25390625
 4 0.353515625 0.263671875 0.02734375 0.07421875
 4 0.3515625 0.2578125 0.01953125 0.0625
 3 0.5322265625 0.447265625 0.201171875 0.30859375