
 0 0.8828125 0.623046875 0.234375 0.375
 0 0.064453125 0.5341796875 0.109375 0.099609375
 0 0.076171875 0.533203125 0.11328125 0.07421875
 0 0.2783203125 0.5029296875 0.052734375 0.041015625
 0 0.51171875 0.4755859375 0.02734375 0.037109375
 0 0.62890625 0.5009765625 0.109375 0.138671875
 0 0.6904296875 0.4609375 0.072265625 0.05859375
 0 0.7216796875 0.5458984375 0.099609375 0.220703125
 0 0.7587890625 0.5498046875 0.166015625 0.193359375
 0 0.775390625 0.443359375 0.07421875 0.0390625