
 0 0.064453125 0.45703125 0.046875 0.08984375
 0 0.10546875 0.482421875 0.08203125 0.08984375
 0 0.1708984375 0.4716796875 0.052734375 0.068359375
 0 0.2529296875 0.474609375 0.060546875 0.0625
 4 0.4248046875 0.43359375 0.013671875 0.0234375
 0 0.513671875 0.498046875 0.07421875 0.09765625
 4 0.498046875 0.40234375 0.01171875 0.02734375
 0 0.6396484375 0.4931640625 0.052734375 0.056640625
 0 0.716796875 0.5283203125 0.08203125 0.087890625
 0 0.822265625 0.5166015625 0.06640625 0.068359375
 0 0.892578125 0.513671875 0.05078125 0.0625
 0 0.9521484375 0.5322265625 0.064453125 0.076171875