
 0 0.0771484375 0.560546875 0.154296875 0.421875
 0 0.298828125 0.5009765625 0.0390625 0.044921875
 0 0.3056640625 0.4970703125 0.037109375 0.041015625
 0 0.3330078125 0.498046875 0.033203125 0.03515625
 0 0.3623046875 0.49609375 0.029296875 0.046875
 0 0.4072265625 0.4990234375 0.056640625 0.076171875
 0 0.439453125 0.490234375 0.03515625 0.05078125
 0 0.5732421875 0.5068359375 0.056640625 0.064453125
 0 0.64453125 0.5107421875 0.09765625 0.169921875
 0 0.6435546875 0.517578125 0.095703125 0.16015625
 0 0.75 0.5341796875 0.1796875 0.216796875