
 0 0.0693359375 0.5546875 0.056640625 0.06640625
 0 0.1083984375 0.5556640625 0.064453125 0.083984375
 0 0.02734375 0.5673828125 0.0546875 0.064453125
 0 0.1591796875 0.5478515625 0.041015625 0.052734375
 0 0.2666015625 0.58984375 0.154296875 0.171875
 4 0.24609375 0.25390625 0.0234375 0.078125
 1 0.39453125 0.5283203125 0.015625 0.048828125
 1 0.4140625 0.53125 0.0234375 0.0859375
 4 0.4482421875 0.412109375 0.017578125 0.0546875
 2 0.49609375 0.5712890625 0.10546875 0.361328125
 2 0.5087890625 0.564453125 0.056640625 0.23046875