
 4 0.06640625 0.4345703125 0.02734375 0.060546875
 4 0.068359375 0.4287109375 0.015625 0.044921875
 1 0.08984375 0.53515625 0.02734375 0.078125
 1 0.0927734375 0.537109375 0.021484375 0.08203125
 1 0.1240234375 0.5263671875 0.025390625 0.072265625
 0 0.18359375 0.5146484375 0.07421875 0.076171875
 0 0.3232421875 0.548828125 0.322265625 0.171875
 0 0.3359375 0.4521484375 0.09375 0.095703125
 3 0.3359375 0.435546875 0.08984375 0.08203125
 1 0.341796875 0.509765625 0.015625 0.078125
 1 0.3671875 0.501953125 0.01953125 0.078125
 1 0.41796875 0.595703125 0.1171875 0.375
 1 0.373046875 0.4970703125 0.01953125 0.076171875
 1 0.3837890625 0.5068359375 0.017578125 0.068359375
 4 0.4560546875 0.322265625 0.017578125 0.0546875
 0 0.6279296875 0.53125 0.267578125 0.1328125
 4 0.5283203125 0.3251953125 0.021484375 0.068359375
 4 0.66015625 0.40234375 0.01953125 0.0625
 0 0.9033203125 0.509765625 0.126953125 0.09375