
 1 0.05859375 0.5498046875 0.02734375 0.083984375
 1 0.0556640625 0.546875 0.017578125 0.08203125
 0 0.123046875 0.5537109375 0.078125 0.103515625
 0 0.2275390625 0.548828125 0.080078125 0.1171875
 0 0.2822265625 0.529296875 0.021484375 0.046875
 0 0.4013671875 0.513671875 0.017578125 0.04296875
 0 0.4345703125 0.5205078125 0.052734375 0.064453125
 1 0.5048828125 0.515625 0.021484375 0.1015625
 1 0.505859375 0.5244140625 0.01953125 0.115234375
 1 0.525390625 0.5126953125 0.015625 0.119140625
 4 0.5810546875 0.3095703125 0.029296875 0.095703125
 1 0.5869140625 0.5068359375 0.021484375 0.099609375
 1 0.591796875 0.5087890625 0.015625 0.103515625
 1 0.607421875 0.4970703125 0.01953125 0.095703125
 1 0.6083984375 0.498046875 0.017578125 0.10546875
 1 0.6298828125 0.4951171875 0.021484375 0.111328125
 1 0.833984375 0.498046875 0.02734375 0.14453125
 1 0.8359375 0.4912109375 0.01953125 0.146484375
 1 0.841796875 0.482421875 0.0234375 0.15234375
 1 0.845703125 0.4755859375 0.0234375 0.134765625
 1 0.8564453125 0.498046875 0.029296875 0.1484375
 1 0.87890625 0.490234375 0.03125 0.1640625
 1 0.9169921875 0.4775390625 0.021484375 0.150390625
 1 0.921875 0.482421875 0.01953125 0.140625
 1 0.94921875 0.486328125 0.03125 0.18359375
 1 0.9599609375 0.48046875 0.025390625 0.14453125