
 1 0.896484375 0.4912109375 0.03125 0.150390625
 1 0.919921875 0.513671875 0.04296875 0.1640625
 1 0.8896484375 0.5263671875 0.029296875 0.126953125
 1 0.8125 0.4970703125 0.03125 0.126953125
 1 0.791015625 0.5009765625 0.0234375 0.119140625
 0 0.1083984375 0.53125 0.115234375 0.09765625
 0 0.1962890625 0.5361328125 0.134765625 0.130859375
 0 0.333984375 0.5029296875 0.05078125 0.060546875
 0 0.4140625 0.50390625 0.0546875 0.078125
 1 0.4765625 0.619140625 0.06640625 0.45703125
 1 0.544921875 0.61328125 0.1171875 0.54296875
 1 0.7138671875 0.51953125 0.044921875 0.09765625
 1 0.7353515625 0.5078125 0.044921875 0.16015625
 1 0.76953125 0.5 0.03515625 0.1484375