
 2 0.025390625 0.5537109375 0.05078125 0.091796875
 0 0.1201171875 0.541015625 0.076171875 0.08203125
 0 0.177734375 0.5400390625 0.046875 0.068359375
 0 0.177734375 0.5400390625 0.046875 0.048828125
 0 0.330078125 0.65234375 0.33203125 0.421875
 4 0.2802734375 0.27734375 0.021484375 0.06640625
 4 0.3896484375 0.2861328125 0.021484375 0.072265625
 0 0.46484375 0.5185546875 0.04296875 0.103515625
 2 0.5087890625 0.5302734375 0.033203125 0.072265625
 1 0.55078125 0.515625 0.015625 0.0703125
 4 0.5625 0.4111328125 0.0234375 0.064453125
 1 0.5888671875 0.52734375 0.017578125 0.078125
 1 0.60546875 0.5302734375 0.01953125 0.087890625
 1 0.625 0.5302734375 0.015625 0.083984375
 0 0.73046875 0.5283203125 0.171875 0.083984375
 2 0.662109375 0.515625 0.03125 0.0703125
 2 0.662109375 0.5107421875 0.0234375 0.052734375
 1 0.6943359375 0.548828125 0.083984375 0.21875
 1 0.6953125 0.546875 0.08203125 0.21875