
 0 0.0791015625 0.513671875 0.080078125 0.0859375
 0 0.0830078125 0.51171875 0.087890625 0.078125
 0 0.3310546875 0.4951171875 0.033203125 0.033203125
 0 0.3330078125 0.4931640625 0.025390625 0.029296875
 0 0.3671875 0.4833984375 0.02734375 0.041015625
 0 0.419921875 0.486328125 0.0234375 0.04296875
 0 0.419921875 0.484375 0.01953125 0.03515625
 4 0.4453125 0.4052734375 0.015625 0.037109375
 4 0.44921875 0.408203125 0.01953125 0.0390625
 4 0.5380859375 0.3544921875 0.017578125 0.037109375
 0 0.546875 0.4921875 0.0234375 0.03125
 None 0.572265625 0.4072265625 0.015625 0.044921875
 4 0.5751953125 0.41015625 0.013671875 0.03515625
 None 0.6708984375 0.3447265625 0.021484375 0.072265625
 4 0.671875 0.369140625 0.015625 0.046875