
 0 0.0458984375 0.712890625 0.091796875 0.26171875
 0 0.1455078125 0.6103515625 0.060546875 0.072265625
 0 0.1982421875 0.607421875 0.052734375 0.06640625
 0 0.25 0.607421875 0.06640625 0.06640625
 0 0.25390625 0.6123046875 0.0546875 0.072265625
 0 0.296875 0.603515625 0.05078125 0.05859375
 0 0.3525390625 0.6640625 0.142578125 0.1953125
 0 0.3017578125 0.609375 0.033203125 0.06640625
 0 0.412109375 0.609375 0.06640625 0.0625
 0 0.4228515625 0.60546875 0.048828125 0.05859375
 0 0.462890625 0.5791015625 0.02734375 0.037109375
 0 0.6279296875 0.5771484375 0.072265625 0.052734375
 0 0.63671875 0.5830078125 0.0625 0.048828125