
 1 0.58203125 0.5 0.01171875 0.046875
 1 0.59765625 0.5029296875 0.01171875 0.048828125
 0 0.15234375 0.537109375 0.05859375 0.0625
 0 0.333984375 0.634765625 0.30859375 0.38671875
 4 0.28515625 0.275390625 0.01953125 0.05859375
 4 0.283203125 0.275390625 0.015625 0.0546875
 4 0.392578125 0.27734375 0.015625 0.046875
 1 0.564453125 0.5107421875 0.02734375 0.076171875
 4 0.564453125 0.3984375 0.015625 0.04296875
 1 0.5673828125 0.515625 0.017578125 0.0703125
 2 0.6669921875 0.5166015625 0.041015625 0.103515625
 2 0.66796875 0.51953125 0.0234375 0.08203125
 2 0.779296875 0.5126953125 0.07421875 0.099609375
 2 0.7802734375 0.515625 0.048828125 0.0859375
 0 0.8955078125 0.5107421875 0.177734375 0.087890625
 0 0.9775390625 0.5009765625 0.044921875 0.072265625