
 0 0.1005859375 0.607421875 0.201171875 0.20703125
 3 0.080078125 0.509765625 0.0859375 0.03515625
 0 0.224609375 0.5732421875 0.109375 0.123046875
 0 0.271484375 0.5478515625 0.02734375 0.060546875
 0 0.2939453125 0.5478515625 0.037109375 0.048828125
 0 0.31640625 0.537109375 0.02734375 0.04296875
 0 0.3359375 0.53515625 0.01953125 0.0390625
 0 0.4033203125 0.5283203125 0.021484375 0.025390625
 0 0.4833984375 0.5419921875 0.037109375 0.080078125
 0 0.494140625 0.5576171875 0.02734375 0.083984375
 0 0.5224609375 0.5615234375 0.052734375 0.107421875
 0 0.5341796875 0.556640625 0.072265625 0.10546875
 0 0.5869140625 0.5830078125 0.119140625 0.123046875
 4 0.798828125 0.203125 0.05078125 0.171875