
 0 0.111328125 0.6103515625 0.21875 0.357421875
 0 0.2958984375 0.5029296875 0.044921875 0.041015625
 0 0.2998046875 0.505859375 0.033203125 0.0390625
 3 0.341796875 0.4912109375 0.04296875 0.052734375
 4 0.443359375 0.3974609375 0.01953125 0.033203125
 0 0.478515625 0.490234375 0.03125 0.0390625
 4 0.4833984375 0.4072265625 0.013671875 0.029296875
 0 0.5224609375 0.5126953125 0.083984375 0.103515625
 0 0.568359375 0.4892578125 0.0234375 0.056640625
 4 0.58203125 0.4365234375 0.015625 0.029296875
 0 0.7529296875 0.4921875 0.138671875 0.0859375