
 0 0.18359375 0.525390625 0.1328125 0.12890625
 0 0.28515625 0.51953125 0.0859375 0.109375
 0 0.283203125 0.513671875 0.078125 0.10546875
 0 0.3232421875 0.4970703125 0.056640625 0.107421875
 0 0.33984375 0.5029296875 0.03515625 0.099609375
 0 0.3642578125 0.494140625 0.025390625 0.1015625
 0 0.3896484375 0.4892578125 0.025390625 0.076171875
 0 0.5849609375 0.4580078125 0.056640625 0.119140625
 0 0.591796875 0.4873046875 0.03515625 0.060546875
 0 0.6337890625 0.486328125 0.044921875 0.06640625
 0 0.72265625 0.48828125 0.171875 0.1875