
 0 0.0087890625 0.5078125 0.017578125 0.0625
 0 0.08203125 0.490234375 0.08984375 0.08203125
 0 0.16796875 0.4873046875 0.05859375 0.060546875
 0 0.2109375 0.4873046875 0.03125 0.033203125
 4 0.380859375 0.283203125 0.0234375 0.08203125
 4 0.3876953125 0.275390625 0.017578125 0.0625
 0 0.5126953125 0.58984375 0.267578125 0.32421875
 4 0.509765625 0.2724609375 0.0234375 0.060546875
 4 0.6416015625 0.2998046875 0.025390625 0.072265625
 0 0.734375 0.46875 0.0546875 0.0390625
 0 0.8662109375 0.5576171875 0.259765625 0.388671875
 4 0.751953125 0.3798828125 0.0234375 0.068359375
 4 0.751953125 0.37890625 0.015625 0.05078125