
 0 0.0439453125 0.5703125 0.087890625 0.15234375
 4 0.310546875 0.3271484375 0.01953125 0.060546875
 4 0.310546875 0.32421875 0.01171875 0.04296875
 0 0.3974609375 0.5625 0.126953125 0.16796875
 4 0.4013671875 0.3310546875 0.017578125 0.044921875
 1 0.54296875 0.51953125 0.02734375 0.07421875
 4 0.5400390625 0.4228515625 0.013671875 0.041015625
 1 0.54296875 0.5185546875 0.015625 0.064453125
 2 0.6318359375 0.521484375 0.029296875 0.08203125
 2 0.6328125 0.51953125 0.01953125 0.06640625
 4 0.69921875 0.2431640625 0.0390625 0.134765625
 2 0.7080078125 0.5166015625 0.048828125 0.076171875
 4 0.701171875 0.2412109375 0.01953125 0.119140625
 2 0.7080078125 0.515625 0.025390625 0.07421875
 0 0.7802734375 0.5166015625 0.123046875 0.060546875
 1 0.8134765625 0.5322265625 0.041015625 0.138671875
 1 0.810546875 0.513671875 0.02734375 0.09765625
 0 0.8876953125 0.50390625 0.087890625 0.0703125