
 3 0.0625 0.4814453125 0.125 0.173828125
 0 0.115234375 0.5595703125 0.09765625 0.107421875
 0 0.1806640625 0.484375 0.134765625 0.1328125
 0 0.283203125 0.6240234375 0.27734375 0.333984375
 0 0.3837890625 0.498046875 0.158203125 0.26171875
 0 0.43359375 0.5205078125 0.078125 0.259765625
 0 0.5146484375 0.5419921875 0.064453125 0.080078125
 0 0.53125 0.533203125 0.02734375 0.109375
 0 0.5791015625 0.52734375 0.095703125 0.1484375
 0 0.65234375 0.5556640625 0.171875 0.173828125
 3 0.7490234375 0.48046875 0.111328125 0.19921875
 0 0.751953125 0.48046875 0.1015625 0.171875