
 3 0.0615234375 0.55078125 0.123046875 0.09375
 0 0.0634765625 0.5537109375 0.126953125 0.091796875
 1 0.0517578125 0.5634765625 0.029296875 0.076171875
 3 0.138671875 0.54296875 0.0703125 0.08984375
 0 0.1396484375 0.5478515625 0.072265625 0.083984375
 4 0.1337890625 0.4296875 0.025390625 0.0703125
 3 0.201171875 0.5390625 0.0625 0.0390625
 0 0.2001953125 0.5615234375 0.060546875 0.052734375
 0 0.3037109375 0.5634765625 0.076171875 0.087890625
 0 0.337890625 0.556640625 0.03125 0.06640625
 0 0.4912109375 0.5546875 0.029296875 0.06640625
 0 0.5166015625 0.552734375 0.060546875 0.0703125
 4 0.5927734375 0.38671875 0.029296875 0.078125
 4 0.81640625 0.4384765625 0.0234375 0.041015625