
 0 0.091796875 0.5546875 0.11328125 0.1171875
 4 0.125 0.201171875 0.0234375 0.0859375
 0 0.1748046875 0.5498046875 0.056640625 0.083984375
 0 0.171875 0.5517578125 0.05078125 0.068359375
 0 0.2158203125 0.5400390625 0.037109375 0.068359375
 0 0.24609375 0.53515625 0.02734375 0.0546875
 4 0.314453125 0.1650390625 0.02734375 0.091796875
 0 0.4189453125 0.544921875 0.052734375 0.0703125
 0 0.44921875 0.5283203125 0.02734375 0.056640625
 0 0.447265625 0.5341796875 0.01953125 0.037109375
 4 0.4716796875 0.1806640625 0.029296875 0.091796875
 4 0.779296875 0.3515625 0.03125 0.08203125
 1 0.8134765625 0.5419921875 0.087890625 0.150390625
 4 0.7822265625 0.3525390625 0.021484375 0.064453125
 2 0.8076171875 0.5458984375 0.044921875 0.134765625