
 0 0.1220703125 0.5439453125 0.072265625 0.076171875
 0 0.0205078125 0.6943359375 0.037109375 0.244140625
 0 0.177734375 0.5390625 0.05078125 0.05859375
 0 0.3251953125 0.6572265625 0.322265625 0.412109375
 4 0.2802734375 0.28125 0.025390625 0.06640625
 4 0.3896484375 0.2861328125 0.025390625 0.076171875
 1 0.4951171875 0.52734375 0.025390625 0.0703125
 1 0.5341796875 0.5224609375 0.013671875 0.072265625
 1 0.544921875 0.51953125 0.01953125 0.08203125
 4 0.564453125 0.4130859375 0.02734375 0.072265625
 1 0.56640625 0.517578125 0.015625 0.078125
 1 0.58984375 0.5146484375 0.02734375 0.083984375
 2 0.6279296875 0.5283203125 0.033203125 0.091796875
 2 0.6552734375 0.5263671875 0.033203125 0.087890625
 1 0.6865234375 0.52734375 0.021484375 0.08203125
 1 0.7021484375 0.525390625 0.021484375 0.0859375
 1 0.724609375 0.521484375 0.01953125 0.0859375
 1 0.880859375 0.5205078125 0.03515625 0.150390625
 1 0.8994140625 0.5087890625 0.017578125 0.076171875
 1 0.900390625 0.515625 0.01953125 0.08203125
 0 0.9541015625 0.521484375 0.083984375 0.0859375