
 3 0.255859375 0.5341796875 0.05859375 0.076171875
 4 0.2734375 0.5166015625 0.01171875 0.056640625
 0 0.326171875 0.564453125 0.0859375 0.0859375
 0 0.34375 0.5439453125 0.0703125 0.083984375
 0 0.3466796875 0.5380859375 0.048828125 0.068359375
 4 0.388671875 0.4794921875 0.01171875 0.037109375
 0 0.4560546875 0.55078125 0.052734375 0.0703125
 4 0.4912109375 0.40625 0.009765625 0.03125
 0 0.5048828125 0.5361328125 0.025390625 0.052734375
 0 0.52734375 0.544921875 0.02734375 0.05859375
 0 0.564453125 0.5556640625 0.07421875 0.080078125
 0 0.5673828125 0.5517578125 0.056640625 0.068359375
 0 0.67578125 0.57421875 0.15234375 0.1484375
 4 0.638671875 0.4375 0.01953125 0.046875
 4 0.63671875 0.43359375 0.01171875 0.03515625