
 0 0.8466796875 0.556640625 0.216796875 0.1796875
 0 0.166015625 0.5048828125 0.03515625 0.044921875
 0 0.169921875 0.4970703125 0.0390625 0.041015625
 0 0.197265625 0.498046875 0.046875 0.0390625
 0 0.201171875 0.5 0.04296875 0.046875
 0 0.3662109375 0.5185546875 0.123046875 0.154296875
 4 0.41015625 0.3837890625 0.015625 0.041015625
 4 0.412109375 0.3984375 0.015625 0.03125
 4 0.4482421875 0.3974609375 0.013671875 0.033203125
 4 0.44921875 0.4013671875 0.015625 0.025390625
 4 0.5244140625 0.453125 0.009765625 0.01953125
 4 0.533203125 0.431640625 0.01953125 0.03515625
 4 0.53125 0.4375 0.01171875 0.0234375
 0 0.59375 0.509765625 0.078125 0.09765625
 0 0.78125 0.4697265625 0.06640625 0.041015625