
 0 0.0234375 0.5185546875 0.046875 0.107421875
 0 0.0849609375 0.50390625 0.083984375 0.1015625
 0 0.0830078125 0.50390625 0.072265625 0.078125
 0 0.2900390625 0.4912109375 0.052734375 0.064453125
 0 0.416015625 0.4873046875 0.0546875 0.076171875
 4 0.458984375 0.439453125 0.01171875 0.02734375
 0 0.505859375 0.484375 0.04296875 0.0546875
 0 0.537109375 0.4970703125 0.02734375 0.060546875
 0 0.5771484375 0.5009765625 0.064453125 0.068359375
 0 0.5810546875 0.505859375 0.052734375 0.06640625
 0 0.626953125 0.5087890625 0.05859375 0.173828125
 0 0.7744140625 0.568359375 0.267578125 0.28125