
 1 0.0439453125 0.55078125 0.029296875 0.1171875
 1 0.083984375 0.5654296875 0.0234375 0.130859375
 1 0.0888671875 0.5546875 0.025390625 0.125
 1 0.0927734375 0.556640625 0.017578125 0.1328125
 0 0.123046875 0.5537109375 0.078125 0.103515625
 1 0.107421875 0.5537109375 0.02734375 0.130859375
 1 0.1552734375 0.5537109375 0.037109375 0.146484375
 0 0.2275390625 0.548828125 0.080078125 0.1171875
 0 0.28125 0.53125 0.01953125 0.046875
 0 0.4013671875 0.513671875 0.017578125 0.04296875
 1 0.4111328125 0.5322265625 0.021484375 0.126953125
 1 0.41796875 0.521484375 0.02734375 0.14453125
 0 0.4345703125 0.5205078125 0.052734375 0.064453125
 1 0.4384765625 0.5224609375 0.017578125 0.150390625
 1 0.54296875 0.5087890625 0.0234375 0.095703125
 1 0.5615234375 0.5087890625 0.021484375 0.095703125
 1 0.5634765625 0.5048828125 0.013671875 0.083984375
 4 0.58203125 0.30859375 0.02734375 0.09375
 1 0.58203125 0.50390625 0.0234375 0.10546875
 1 0.701171875 0.49609375 0.02734375 0.1328125
 0 0.8515625 0.673828125 0.29296875 0.64453125