
 0 0.0849609375 0.5517578125 0.111328125 0.091796875
 0 0.2802734375 0.533203125 0.087890625 0.07421875
 4 0.423828125 0.3193359375 0.01953125 0.060546875
 0 0.517578125 0.52734375 0.0625 0.06640625
 4 0.498046875 0.3173828125 0.0234375 0.064453125
 3 0.53125 0.48046875 0.04296875 0.09765625
 3 0.5361328125 0.4853515625 0.044921875 0.095703125
 4 0.64453125 0.4140625 0.02734375 0.0703125
 2 0.833984375 0.5166015625 0.0703125 0.083984375
 2 0.828125 0.513671875 0.0546875 0.0859375
 0 0.94140625 0.7138671875 0.109375 0.513671875
 0 0.9482421875 0.517578125 0.076171875 0.0859375