
 2 0.03125 0.5546875 0.0625 0.19140625
 1 0.0712890625 0.572265625 0.087890625 0.23828125
 1 0.1318359375 0.544921875 0.021484375 0.07421875
 1 0.1630859375 0.5380859375 0.017578125 0.080078125
 1 0.1630859375 0.54296875 0.013671875 0.07421875
 0 0.3310546875 0.65234375 0.330078125 0.4140625
 4 0.28125 0.2763671875 0.01953125 0.064453125
 4 0.390625 0.2861328125 0.01953125 0.072265625
 2 0.51171875 0.548828125 0.09765625 0.18359375
 0 0.6025390625 0.5224609375 0.240234375 0.138671875
 4 0.5634765625 0.408203125 0.021484375 0.0625
 2 0.677734375 0.521484375 0.12109375 0.19921875
 1 0.6787109375 0.48828125 0.021484375 0.046875