
 0 0.0556640625 0.5283203125 0.111328125 0.236328125
 0 0.06640625 0.490234375 0.09375 0.08984375
 0 0.20703125 0.525390625 0.19921875 0.19921875
 0 0.2177734375 0.5390625 0.216796875 0.26953125
 4 0.2509765625 0.3427734375 0.021484375 0.064453125
 4 0.25390625 0.3349609375 0.01953125 0.048828125
 0 0.4931640625 0.6337890625 0.458984375 0.474609375
 4 0.306640625 0.34375 0.01953125 0.0546875
 4 0.3857421875 0.341796875 0.017578125 0.0546875
 4 0.3916015625 0.333984375 0.017578125 0.046875
 4 0.4462890625 0.345703125 0.033203125 0.07421875
 4 0.4462890625 0.3408203125 0.017578125 0.048828125
 4 0.5693359375 0.4150390625 0.017578125 0.060546875
 4 0.5732421875 0.4072265625 0.017578125 0.044921875
 0 0.83984375 0.4853515625 0.14453125 0.095703125