
 0 0.033203125 0.5205078125 0.06640625 0.087890625
 0 0.0751953125 0.5146484375 0.033203125 0.056640625
 0 0.1044921875 0.5166015625 0.041015625 0.052734375
 0 0.1533203125 0.5146484375 0.064453125 0.076171875
 0 0.2880859375 0.5078125 0.033203125 0.04296875
 4 0.3779296875 0.287109375 0.025390625 0.08203125
 0 0.5009765625 0.603515625 0.212890625 0.265625
 4 0.513671875 0.28125 0.02734375 0.0703125
 0 0.591796875 0.4921875 0.02734375 0.06640625
 4 0.6533203125 0.3095703125 0.025390625 0.072265625
 0 0.837890625 0.560546875 0.3125 0.3125
 4 0.771484375 0.39453125 0.0234375 0.0703125