
 0 0.794921875 0.5595703125 0.171875 0.263671875
 0 0.912109375 0.6298828125 0.17578125 0.455078125
 0 0.2421875 0.486328125 0.05078125 0.05078125
 0 0.2841796875 0.501953125 0.068359375 0.05859375
 0 0.349609375 0.498046875 0.02734375 0.03125
 0 0.3984375 0.501953125 0.08203125 0.12109375
 0 0.4609375 0.4931640625 0.03515625 0.052734375
 0 0.5078125 0.486328125 0.0234375 0.03125
 0 0.5625 0.4990234375 0.04296875 0.060546875
 0 0.6328125 0.5107421875 0.0625 0.146484375
 0 0.685546875 0.525390625 0.078125 0.20703125