
 0 0.033203125 0.59375 0.06640625 0.140625
 0 0.904296875 0.6298828125 0.19140625 0.267578125
 0 0.1103515625 0.5634765625 0.111328125 0.123046875
 0 0.11328125 0.5703125 0.10546875 0.1328125
 0 0.19140625 0.5498046875 0.07421875 0.107421875
 0 0.2001953125 0.5498046875 0.072265625 0.111328125
 0 0.2412109375 0.552734375 0.048828125 0.06640625
 0 0.302734375 0.5341796875 0.04296875 0.056640625
 0 0.525390625 0.537109375 0.03515625 0.046875
 0 0.6787109375 0.564453125 0.119140625 0.11328125
 0 0.671875 0.5703125 0.10546875 0.1171875
 0 0.771484375 0.5908203125 0.18359375 0.169921875
 0 0.7783203125 0.5830078125 0.185546875 0.189453125