
 0 0.10546875 0.5205078125 0.05859375 0.033203125
 4 0.2998046875 0.2734375 0.017578125 0.05078125
 4 0.2998046875 0.2783203125 0.017578125 0.044921875
 3 0.3408203125 0.4912109375 0.033203125 0.052734375
 3 0.341796875 0.5 0.03125 0.0703125
 4 0.3701171875 0.28515625 0.021484375 0.0625
 4 0.369140625 0.2783203125 0.015625 0.052734375
 0 0.4130859375 0.4990234375 0.029296875 0.037109375
 4 0.4462890625 0.2822265625 0.013671875 0.044921875
 4 0.6435546875 0.283203125 0.033203125 0.1171875
 0 0.716796875 0.4873046875 0.11328125 0.068359375