
 0 0.0830078125 0.5205078125 0.166015625 0.189453125
 0 0.064453125 0.4931640625 0.08984375 0.091796875
 0 0.2001953125 0.5048828125 0.052734375 0.056640625
 0 0.208984375 0.5029296875 0.05859375 0.048828125
 0 0.2802734375 0.4990234375 0.115234375 0.169921875
 4 0.25 0.3447265625 0.0234375 0.064453125
 0 0.2939453125 0.4951171875 0.111328125 0.115234375
 4 0.25390625 0.3349609375 0.01953125 0.048828125
 0 0.478515625 0.634765625 0.4453125 0.4765625
 4 0.306640625 0.345703125 0.01953125 0.05859375
 4 0.384765625 0.345703125 0.01953125 0.0546875
 4 0.3916015625 0.333984375 0.017578125 0.046875
 4 0.4462890625 0.3505859375 0.033203125 0.076171875
 4 0.4462890625 0.3408203125 0.017578125 0.048828125
 4 0.5693359375 0.4150390625 0.017578125 0.060546875
 4 0.5732421875 0.4052734375 0.017578125 0.044921875
 0 0.8310546875 0.4853515625 0.123046875 0.095703125