
 0 0.8466796875 0.4853515625 0.087890625 0.044921875
 4 0.0615234375 0.0703125 0.091796875 0.13671875
 0 0.1005859375 0.513671875 0.119140625 0.11328125
 3 0.2529296875 0.490234375 0.162109375 0.0859375
 0 0.251953125 0.4921875 0.15234375 0.08203125
 0 0.4755859375 0.4990234375 0.033203125 0.048828125
 0 0.5458984375 0.4912109375 0.029296875 0.044921875
 4 0.5712890625 0.0263671875 0.029296875 0.052734375
 4 0.56640625 0.3642578125 0.015625 0.048828125
 0 0.6181640625 0.482421875 0.060546875 0.078125
 4 0.6533203125 0.357421875 0.017578125 0.05078125
 0 0.7236328125 0.48828125 0.126953125 0.08984375
 4 0.728515625 0.41796875 0.015625 0.046875
 4 0.8017578125 0.0751953125 0.029296875 0.095703125
 0 0.9208984375 0.4873046875 0.103515625 0.056640625
 0 0.9306640625 0.4814453125 0.052734375 0.056640625
 1 0.9716796875 0.5 0.017578125 0.11328125