
 0 0.08203125 0.572265625 0.07421875 0.08984375
 0 0.1591796875 0.5703125 0.107421875 0.1171875
 0 0.2421875 0.5673828125 0.1328125 0.126953125
 0 0.3486328125 0.548828125 0.134765625 0.140625
 0 0.4951171875 0.5498046875 0.166015625 0.130859375
 0 0.619140625 0.51171875 0.12890625 0.125
 0 0.7021484375 0.5068359375 0.068359375 0.091796875
 0 0.7841796875 0.498046875 0.099609375 0.08203125
 0 0.84375 0.4970703125 0.046875 0.060546875
 3 0.9384765625 0.4736328125 0.076171875 0.087890625
 0 0.9404296875 0.4736328125 0.076171875 0.083984375