
 3 0.0615234375 0.4794921875 0.123046875 0.162109375
 0 0.115234375 0.5576171875 0.09375 0.099609375
 0 0.1826171875 0.4873046875 0.138671875 0.134765625
 3 0.17578125 0.5009765625 0.078125 0.134765625
 0 0.2822265625 0.6220703125 0.271484375 0.322265625
 0 0.3837890625 0.498046875 0.158203125 0.26171875
 3 0.3984375 0.5263671875 0.12109375 0.228515625
 0 0.5048828125 0.529296875 0.048828125 0.06640625
 0 0.5166015625 0.54296875 0.068359375 0.078125
 0 0.5810546875 0.52734375 0.095703125 0.13671875
 0 0.6533203125 0.5546875 0.169921875 0.16796875
 0 0.751953125 0.4775390625 0.09375 0.158203125