
 0 0.037109375 0.5751953125 0.05078125 0.052734375
 0 0.197265625 0.5615234375 0.1015625 0.111328125
 4 0.2626953125 0.2763671875 0.033203125 0.083984375
 4 0.263671875 0.2734375 0.0234375 0.078125
 0 0.306640625 0.48828125 0.015625 0.01953125
 0 0.3125 0.513671875 0.01953125 0.02734375
 0 0.369140625 0.53515625 0.01953125 0.0546875
 0 0.3701171875 0.537109375 0.017578125 0.05078125
 3 0.3994140625 0.5283203125 0.056640625 0.111328125
 4 0.4228515625 0.2470703125 0.025390625 0.076171875
 4 0.5458984375 0.251953125 0.021484375 0.08203125