
 0 0.05859375 0.5849609375 0.1171875 0.123046875
 0 0.2021484375 0.564453125 0.056640625 0.06640625
 0 0.328125 0.5478515625 0.078125 0.068359375
 0 0.3603515625 0.546875 0.033203125 0.06640625
 0 0.44140625 0.5400390625 0.0390625 0.064453125
 0 0.46484375 0.5380859375 0.0625 0.076171875
 4 0.5087890625 0.3896484375 0.009765625 0.033203125
 4 0.578125 0.3837890625 0.01171875 0.041015625
 0 0.6552734375 0.5361328125 0.072265625 0.056640625
 4 0.6328125 0.3994140625 0.015625 0.044921875
 4 0.7529296875 0.4306640625 0.013671875 0.041015625