
 0 0.92578125 0.572265625 0.14453125 0.3046875
 0 0.05859375 0.546875 0.11328125 0.16015625
 0 0.14453125 0.537109375 0.12890625 0.125
 0 0.291015625 0.5361328125 0.08203125 0.095703125
 4 0.3408203125 0.3759765625 0.017578125 0.041015625
 0 0.388671875 0.529296875 0.09375 0.125
 4 0.4130859375 0.3798828125 0.021484375 0.044921875
 4 0.4677734375 0.3759765625 0.017578125 0.041015625
 0 0.556640625 0.5341796875 0.07421875 0.087890625
 4 0.603515625 0.4375 0.01171875 0.03515625
 4 0.6064453125 0.44140625 0.017578125 0.046875
 0 0.6845703125 0.5224609375 0.138671875 0.146484375
 4 0.6630859375 0.384765625 0.029296875 0.078125
 0 0.7978515625 0.5546875 0.158203125 0.1796875