
 3 0.0537109375 0.5234375 0.103515625 0.109375
 0 0.0869140625 0.5849609375 0.126953125 0.181640625
 0 0.294921875 0.5986328125 0.3125 0.427734375
 4 0.31640625 0.3359375 0.01953125 0.0546875
 4 0.4130859375 0.3271484375 0.025390625 0.056640625
 4 0.416015625 0.337890625 0.015625 0.0546875
 0 0.4716796875 0.5322265625 0.080078125 0.064453125
 0 0.486328125 0.51171875 0.01953125 0.03125
 4 0.4921875 0.330078125 0.02734375 0.0703125
 4 0.4931640625 0.330078125 0.017578125 0.046875
 3 0.5224609375 0.505859375 0.029296875 0.04296875
 0 0.62890625 0.54296875 0.046875 0.1171875
 0 0.7978515625 0.6240234375 0.373046875 0.353515625
 4 0.6796875 0.4296875 0.01953125 0.0546875
 0 0.9423828125 0.5205078125 0.080078125 0.060546875
 4 0.935546875 0.2587890625 0.05078125 0.150390625
 0 0.9501953125 0.5205078125 0.064453125 0.076171875
 1 0.955078125 0.5205078125 0.0390625 0.076171875