
 0 0.9228515625 0.46484375 0.154296875 0.1328125
 0 0.0888671875 0.59375 0.173828125 0.40234375
 0 0.1435546875 0.505859375 0.068359375 0.078125
 0 0.1513671875 0.509765625 0.076171875 0.08984375
 0 0.208984375 0.51171875 0.0703125 0.07421875
 0 0.2138671875 0.5078125 0.076171875 0.0703125
 4 0.1904296875 0.212890625 0.021484375 0.08203125
 4 0.32421875 0.2099609375 0.0234375 0.068359375
 4 0.326171875 0.224609375 0.02734375 0.04296875
 0 0.3349609375 0.4921875 0.029296875 0.04296875
 4 0.431640625 0.2470703125 0.03125 0.041015625
 4 0.4345703125 0.228515625 0.025390625 0.06640625
 0 0.533203125 0.48046875 0.03125 0.0390625
 1 0.5751953125 0.48046875 0.021484375 0.06640625
 1 0.5791015625 0.482421875 0.017578125 0.04296875
 0 0.6015625 0.484375 0.03515625 0.046875
 0 0.6357421875 0.4853515625 0.033203125 0.072265625
 4 0.65234375 0.359375 0.0234375 0.0546875
 4 0.6611328125 0.369140625 0.029296875 0.04296875
 0 0.6787109375 0.48046875 0.060546875 0.07421875
 0 0.6787109375 0.48046875 0.052734375 0.0703125
 4 0.74609375 0.236328125 0.046875 0.125
 4 0.748046875 0.26953125 0.03515625 0.05078125
 0 0.75390625 0.47265625 0.0390625 0.0390625
 0 0.78125 0.47265625 0.015625 0.046875
 0 0.8173828125 0.47265625 0.052734375 0.04296875