
 0 0.0224609375 0.5791015625 0.044921875 0.103515625
 0 0.9228515625 0.62890625 0.154296875 0.34765625
 0 0.0693359375 0.556640625 0.076171875 0.1015625
 0 0.130859375 0.5517578125 0.02734375 0.033203125
 0 0.16015625 0.55078125 0.02734375 0.046875
 0 0.1865234375 0.5517578125 0.025390625 0.044921875
 0 0.224609375 0.5517578125 0.046875 0.044921875
 0 0.25 0.5458984375 0.03515625 0.033203125
 0 0.34375 0.5517578125 0.109375 0.154296875
 0 0.416015625 0.5498046875 0.04296875 0.072265625
 0 0.4453125 0.546875 0.03125 0.07421875
 0 0.4697265625 0.5341796875 0.025390625 0.103515625
 0 0.5048828125 0.537109375 0.056640625 0.09765625
 0 0.501953125 0.5390625 0.04296875 0.09765625
 0 0.5205078125 0.552734375 0.044921875 0.109375
 0 0.5185546875 0.548828125 0.037109375 0.109375
 0 0.623046875 0.544921875 0.17578125 0.171875
 0 0.611328125 0.541015625 0.1484375 0.15234375
 0 0.7744140625 0.576171875 0.232421875 0.22265625