
 0 0.0830078125 0.4619140625 0.166015625 0.275390625
 0 0.1962890625 0.5068359375 0.099609375 0.138671875
 0 0.2490234375 0.4853515625 0.021484375 0.044921875
 0 0.3232421875 0.490234375 0.119140625 0.15234375
 4 0.287109375 0.333984375 0.01953125 0.03125
 4 0.337890625 0.3349609375 0.015625 0.025390625
 4 0.412109375 0.330078125 0.015625 0.03125
 0 0.498046875 0.53125 0.15625 0.2109375
 4 0.4638671875 0.330078125 0.017578125 0.03515625
 4 0.572265625 0.380859375 0.015625 0.0234375
 0 0.6708984375 0.4677734375 0.142578125 0.107421875
 0 0.791015625 0.453125 0.10546875 0.0625