
 0 0.07421875 0.546875 0.1484375 0.21875
 0 0.193359375 0.525390625 0.1015625 0.1328125
 0 0.2802734375 0.50390625 0.083984375 0.11328125
 0 0.4482421875 0.4921875 0.134765625 0.0859375
 0 0.521484375 0.4736328125 0.0390625 0.044921875
 0 0.669921875 0.4736328125 0.0625 0.056640625
 0 0.7744140625 0.47265625 0.033203125 0.04296875
 0 0.7939453125 0.47265625 0.041015625 0.04296875
 0 0.8779296875 0.4677734375 0.083984375 0.056640625
 0 0.9462890625 0.46484375 0.072265625 0.0546875
 0 0.9462890625 0.462890625 0.052734375 0.0390625