
 0 0.1904296875 0.5791015625 0.380859375 0.291015625
 4 0.0908203125 0.30859375 0.025390625 0.08203125
 0 0.482421875 0.49609375 0.03125 0.05078125
 0 0.48046875 0.4853515625 0.02734375 0.044921875
 0 0.5439453125 0.4912109375 0.041015625 0.080078125
 0 0.5380859375 0.4873046875 0.017578125 0.056640625
 0 0.5712890625 0.501953125 0.044921875 0.078125
 0 0.5703125 0.498046875 0.03515625 0.046875
 0 0.6123046875 0.5009765625 0.064453125 0.076171875
 4 0.615234375 0.27734375 0.0234375 0.0859375
 1 0.6181640625 0.513671875 0.029296875 0.1015625
 1 0.921875 0.484375 0.03515625 0.15625
 1 0.9248046875 0.4912109375 0.037109375 0.154296875