
 0 0.1279296875 0.59375 0.134765625 0.1015625
 1 0.078125 0.5546875 0.01953125 0.03515625
 0 0.2490234375 0.5908203125 0.111328125 0.126953125
 0 0.3935546875 0.5625 0.087890625 0.14453125
 0 0.4521484375 0.546875 0.041015625 0.0625
 0 0.44921875 0.5498046875 0.03515625 0.041015625
 4 0.5703125 0.376953125 0.0234375 0.08203125
 1 0.580078125 0.5380859375 0.01953125 0.095703125
 1 0.5908203125 0.5166015625 0.025390625 0.087890625
 1 0.58984375 0.5234375 0.015625 0.078125
 1 0.6171875 0.5283203125 0.0234375 0.111328125
 1 0.662109375 0.5185546875 0.015625 0.107421875
 1 0.6806640625 0.5283203125 0.017578125 0.095703125
 1 0.9365234375 0.4892578125 0.025390625 0.123046875