
 4 0.0830078125 0.0791015625 0.166015625 0.158203125
 0 0.0830078125 0.5185546875 0.052734375 0.044921875
 0 0.0888671875 0.5283203125 0.037109375 0.052734375
 0 0.09375 0.5 0.04296875 0.03125
 0 0.1708984375 0.5029296875 0.103515625 0.064453125
 0 0.271484375 0.5205078125 0.1015625 0.083984375
 0 0.3525390625 0.5146484375 0.072265625 0.076171875
 0 0.427734375 0.498046875 0.03515625 0.0390625
 0 0.4287109375 0.498046875 0.029296875 0.03515625
 0 0.4521484375 0.5009765625 0.025390625 0.048828125
 0 0.4716796875 0.4970703125 0.033203125 0.041015625
 0 0.5361328125 0.48828125 0.025390625 0.046875
 0 0.5341796875 0.486328125 0.021484375 0.0390625
 0 0.5537109375 0.4990234375 0.017578125 0.056640625
 4 0.568359375 0.3603515625 0.0234375 0.060546875
 0 0.5732421875 0.5009765625 0.017578125 0.044921875
 0 0.6103515625 0.4912109375 0.037109375 0.064453125
 4 0.65234375 0.357421875 0.015625 0.04296875
 4 0.7255859375 0.4169921875 0.017578125 0.048828125
 4 0.80078125 0.0771484375 0.05078125 0.115234375
 4 0.80078125 0.076171875 0.02734375 0.09375
 0 0.86328125 0.509765625 0.07421875 0.11328125
 0 0.892578125 0.4833984375 0.07421875 0.064453125
 1 0.9794921875 0.4765625 0.025390625 0.09765625
 1 0.98046875 0.490234375 0.0234375 0.078125