
 0 0.20703125 0.548828125 0.078125 0.08203125
 4 0.2568359375 0.275390625 0.029296875 0.078125
 4 0.259765625 0.2763671875 0.01953125 0.060546875
 0 0.271484375 0.5478515625 0.03515625 0.060546875
 0 0.3681640625 0.5390625 0.048828125 0.06640625
 4 0.3876953125 0.2783203125 0.013671875 0.060546875
 0 0.4345703125 0.5478515625 0.072265625 0.099609375
 4 0.5849609375 0.4140625 0.013671875 0.046875
 1 0.6875 0.5419921875 0.0234375 0.115234375
 1 0.72265625 0.5380859375 0.03125 0.111328125