
 0 0.115234375 0.52734375 0.23046875 0.390625
 0 0.25 0.560546875 0.078125 0.1640625
 0 0.2470703125 0.5537109375 0.064453125 0.142578125
 0 0.2822265625 0.53125 0.064453125 0.12890625
 0 0.2998046875 0.5400390625 0.052734375 0.142578125
 0 0.3271484375 0.533203125 0.021484375 0.1015625
 0 0.4013671875 0.5205078125 0.056640625 0.076171875
 0 0.455078125 0.53125 0.03125 0.07421875
 0 0.4599609375 0.529296875 0.029296875 0.06640625
 0 0.4697265625 0.53125 0.017578125 0.07421875
 0 0.4833984375 0.5341796875 0.017578125 0.083984375
 0 0.51953125 0.5322265625 0.08203125 0.107421875
 0 0.525390625 0.533203125 0.0859375 0.125
 0 0.5810546875 0.5751953125 0.064453125 0.169921875
 0 0.59375 0.568359375 0.07421875 0.17578125
 0 0.7578125 0.548828125 0.3125 0.3671875
 0 0.7626953125 0.552734375 0.318359375 0.40625