
 0 0.0810546875 0.556640625 0.052734375 0.0546875
 0 0.15234375 0.5576171875 0.09765625 0.115234375
 0 0.2255859375 0.5419921875 0.056640625 0.080078125
 1 0.2705078125 0.53515625 0.017578125 0.0625
 0 0.333984375 0.5322265625 0.0546875 0.068359375
 0 0.3798828125 0.541015625 0.072265625 0.09375
 4 0.4326171875 0.373046875 0.013671875 0.03515625
 4 0.5078125 0.3662109375 0.01171875 0.044921875
 0 0.5703125 0.5341796875 0.0703125 0.056640625
 4 0.56640625 0.3837890625 0.015625 0.044921875
 4 0.7138671875 0.4189453125 0.013671875 0.041015625