
 0 0.1650390625 0.5341796875 0.126953125 0.123046875
 0 0.1650390625 0.5185546875 0.111328125 0.091796875
 0 0.240234375 0.5107421875 0.08203125 0.111328125
 0 0.248046875 0.5107421875 0.05859375 0.095703125
 0 0.3115234375 0.5048828125 0.060546875 0.068359375
 0 0.3115234375 0.5029296875 0.044921875 0.056640625
 0 0.345703125 0.498046875 0.0234375 0.05078125
 0 0.375 0.494140625 0.03515625 0.05078125
 0 0.4970703125 0.49609375 0.056640625 0.078125
 0 0.7119140625 0.4873046875 0.091796875 0.072265625
 0 0.8134765625 0.49609375 0.119140625 0.06640625