
 0 0.1884765625 0.51171875 0.123046875 0.125
 0 0.2626953125 0.490234375 0.041015625 0.10546875
 4 0.3623046875 0.4345703125 0.013671875 0.037109375
 0 0.4013671875 0.48046875 0.025390625 0.046875
 0 0.494140625 0.4814453125 0.046875 0.087890625
 4 0.5048828125 0.37109375 0.021484375 0.04296875
 0 0.56640625 0.478515625 0.0390625 0.078125
 4 0.5615234375 0.4267578125 0.017578125 0.029296875
 4 0.5673828125 0.4208984375 0.017578125 0.048828125
 0 0.595703125 0.498046875 0.046875 0.0859375
 0 0.6630859375 0.5146484375 0.123046875 0.134765625