
 None 0.9052734375 0.3203125 0.021484375 0.08203125
 None 0.521484375 0.1201171875 0.0234375 0.091796875
 None 0.3681640625 0.111328125 0.025390625 0.08984375
 None 0.177734375 0.1162109375 0.02734375 0.091796875
 0 0.076171875 0.5146484375 0.08984375 0.080078125
 0 0.2451171875 0.5048828125 0.095703125 0.087890625
 0 0.3076171875 0.494140625 0.064453125 0.078125
 0 0.318359375 0.4892578125 0.05078125 0.095703125
 0 0.390625 0.490234375 0.02734375 0.05078125
 0 0.4169921875 0.5009765625 0.037109375 0.044921875
 0 0.458984375 0.4912109375 0.0546875 0.064453125
 0 0.5654296875 0.498046875 0.037109375 0.046875
 0 0.884765625 0.4765625 0.0625 0.046875