
 0 0.0556640625 0.5419921875 0.111328125 0.126953125
 0 0.126953125 0.5283203125 0.03125 0.041015625
 0 0.232421875 0.517578125 0.0234375 0.03125
 1 0.228515625 0.5244140625 0.01171875 0.052734375
 1 0.2568359375 0.5458984375 0.037109375 0.126953125
 0 0.3046875 0.5341796875 0.078125 0.103515625
 4 0.408203125 0.3388671875 0.0234375 0.083984375
 1 0.443359375 0.556640625 0.0390625 0.1484375
 1 0.6240234375 0.5263671875 0.041015625 0.154296875
 1 0.6796875 0.5126953125 0.03515625 0.138671875
 1 0.7890625 0.5107421875 0.03515625 0.150390625
 0 0.978515625 0.5615234375 0.0390625 0.087890625