
 3 0.1083984375 0.4326171875 0.216796875 0.560546875
 0 0.24609375 0.5458984375 0.0703125 0.111328125
 0 0.244140625 0.5458984375 0.05859375 0.111328125
 0 0.37109375 0.556640625 0.19140625 0.28515625
 4 0.361328125 0.33984375 0.015625 0.0390625
 4 0.4501953125 0.341796875 0.017578125 0.046875
 4 0.44921875 0.3427734375 0.01171875 0.037109375
 0 0.4765625 0.5205078125 0.03125 0.044921875
 3 0.646484375 0.4248046875 0.28125 0.419921875
 0 0.8779296875 0.6962890625 0.240234375 0.591796875
 0 0.8359375 0.4658203125 0.1015625 0.103515625
 1 0.818359375 0.4970703125 0.01953125 0.087890625
 1 0.818359375 0.4951171875 0.015625 0.087890625
 1 0.8349609375 0.482421875 0.021484375 0.046875
 1 0.837890625 0.486328125 0.015625 0.05078125
 1 0.8466796875 0.48828125 0.013671875 0.05859375
 1 0.849609375 0.4814453125 0.01171875 0.044921875
 1 0.8623046875 0.4736328125 0.013671875 0.052734375
 1 0.8623046875 0.4736328125 0.013671875 0.044921875