
 1 0.029296875 0.5556640625 0.015625 0.060546875
 0 0.3056640625 0.5078125 0.048828125 0.03125
 0 0.3095703125 0.5390625 0.033203125 0.04296875
 0 0.3779296875 0.544921875 0.052734375 0.0703125
 0 0.4296875 0.5263671875 0.03515625 0.048828125
 0 0.4267578125 0.52734375 0.025390625 0.05078125
 0 0.4453125 0.53515625 0.02734375 0.05859375
 0 0.4736328125 0.5390625 0.052734375 0.06640625
 0 0.4755859375 0.537109375 0.037109375 0.0625
 0 0.50390625 0.5498046875 0.04296875 0.099609375
 0 0.5048828125 0.54296875 0.044921875 0.0859375
 0 0.5634765625 0.5546875 0.126953125 0.11328125