
 0 0.220703125 0.5380859375 0.0234375 0.033203125
 0 0.248046875 0.5419921875 0.0390625 0.041015625
 0 0.298828125 0.5380859375 0.046875 0.041015625
 0 0.3642578125 0.537109375 0.052734375 0.05078125
 0 0.4248046875 0.5400390625 0.048828125 0.052734375
 4 0.4453125 0.3818359375 0.01953125 0.072265625
 0 0.5419921875 0.583984375 0.208984375 0.3046875
 3 0.8046875 0.4609375 0.19921875 0.35546875
 4 0.9091796875 0.3369140625 0.029296875 0.087890625
 1 0.927734375 0.5283203125 0.02734375 0.064453125
 1 0.951171875 0.5146484375 0.01953125 0.091796875
 1 0.98046875 0.51171875 0.03515625 0.0859375