
 0 0.029296875 0.5595703125 0.05859375 0.119140625
 0 0.185546875 0.5439453125 0.046875 0.041015625
 4 0.2177734375 0.26953125 0.037109375 0.12109375
 0 0.240234375 0.5205078125 0.04296875 0.064453125
 0 0.3876953125 0.5458984375 0.130859375 0.173828125
 0 0.447265625 0.54296875 0.07421875 0.10546875
 0 0.5341796875 0.533203125 0.044921875 0.06640625
 4 0.5341796875 0.1162109375 0.033203125 0.111328125
 0 0.576171875 0.5537109375 0.08984375 0.087890625
 4 0.6552734375 0.3095703125 0.033203125 0.103515625