
 0 0.0869140625 0.5556640625 0.173828125 0.150390625
 1 0.94140625 0.60546875 0.109375 0.44921875
 0 0.2216796875 0.525390625 0.087890625 0.1171875
 0 0.220703125 0.5302734375 0.0703125 0.103515625
 0 0.322265625 0.529296875 0.0703125 0.09375
 0 0.419921875 0.5224609375 0.07421875 0.091796875
 0 0.4169921875 0.5224609375 0.060546875 0.087890625
 4 0.51171875 0.3486328125 0.02734375 0.087890625
 1 0.5771484375 0.6064453125 0.072265625 0.580078125
 1 0.7353515625 0.6318359375 0.107421875 0.654296875
 1 0.8876953125 0.572265625 0.060546875 0.44921875