
 1 0.0517578125 0.654296875 0.103515625 0.55859375
 0 0.1201171875 0.55859375 0.083984375 0.08984375
 0 0.2255859375 0.5478515625 0.091796875 0.107421875
 0 0.275390625 0.5322265625 0.03125 0.083984375
 0 0.283203125 0.529296875 0.03125 0.06640625
 0 0.3056640625 0.517578125 0.029296875 0.06640625
 0 0.3564453125 0.5146484375 0.025390625 0.044921875
 0 0.43359375 0.515625 0.046875 0.05859375
 0 0.6767578125 0.5380859375 0.345703125 0.216796875
 1 0.5673828125 0.494140625 0.013671875 0.08203125
 4 0.58203125 0.3134765625 0.02734375 0.095703125
 1 0.59375 0.4912109375 0.01171875 0.080078125
 0 0.97265625 0.52734375 0.05078125 0.12890625
 1 0.9853515625 0.4716796875 0.025390625 0.138671875