
 0 0.12109375 0.546875 0.0703125 0.07421875
 2 0.7822265625 0.52734375 0.056640625 0.09765625
 0 0.330078125 0.65234375 0.32421875 0.41015625
 4 0.28125 0.275390625 0.01953125 0.05859375
 4 0.390625 0.287109375 0.015625 0.0625
 1 0.521484375 0.517578125 0.015625 0.05078125
 1 0.52734375 0.5205078125 0.01171875 0.064453125
 1 0.537109375 0.515625 0.01171875 0.05078125
 4 0.5634765625 0.408203125 0.017578125 0.05859375
 1 0.568359375 0.5244140625 0.0234375 0.095703125
 1 0.58984375 0.5126953125 0.01953125 0.072265625
 2 0.6611328125 0.5283203125 0.037109375 0.091796875
 0 0.92578125 0.5087890625 0.14453125 0.134765625