
 0 0.0888671875 0.5283203125 0.087890625 0.048828125
 4 0.1005859375 0.431640625 0.009765625 0.03515625
 0 0.2861328125 0.5234375 0.076171875 0.0546875
 2 0.3798828125 0.5107421875 0.033203125 0.044921875
 2 0.3779296875 0.5078125 0.017578125 0.04296875
 0 0.40625 0.537109375 0.0625 0.0625
 4 0.3994140625 0.3662109375 0.013671875 0.037109375
 4 0.400390625 0.3642578125 0.01171875 0.033203125
 4 0.4677734375 0.42578125 0.013671875 0.04296875
 4 0.46875 0.4296875 0.01171875 0.03515625
 4 0.564453125 0.3974609375 0.01953125 0.060546875
 4 0.5634765625 0.3984375 0.017578125 0.05859375