
 2 0.4755859375 0.5263671875 0.013671875 0.056640625
 0 0.349609375 0.5400390625 0.05078125 0.060546875
 4 0.3515625 0.3369140625 0.01171875 0.041015625
 0 0.4130859375 0.5400390625 0.060546875 0.087890625
 4 0.4267578125 0.3544921875 0.013671875 0.037109375
 4 0.505859375 0.435546875 0.01171875 0.04296875
 4 0.548828125 0.396484375 0.01171875 0.0546875
 1 0.6298828125 0.5439453125 0.013671875 0.173828125
 1 0.6533203125 0.5458984375 0.029296875 0.193359375
 1 0.6767578125 0.5390625 0.013671875 0.19140625
 1 0.7001953125 0.5283203125 0.021484375 0.212890625
 1 0.7314453125 0.525390625 0.029296875 0.203125