
 4 0.5205078125 0.3115234375 0.033203125 0.091796875
 1 0.5888671875 0.5078125 0.025390625 0.1015625
 1 0.1044921875 0.61328125 0.208984375 0.671875
 4 0.0185546875 0.3525390625 0.033203125 0.091796875
 1 0.162109375 0.5458984375 0.04296875 0.123046875
 0 0.294921875 0.53125 0.05078125 0.0703125
 0 0.2939453125 0.537109375 0.044921875 0.0546875
 1 0.3798828125 0.5380859375 0.048828125 0.134765625
 0 0.4013671875 0.525390625 0.048828125 0.0703125
 1 0.7880859375 0.474609375 0.044921875 0.2578125
 1 0.794921875 0.4638671875 0.04296875 0.197265625
 1 0.8271484375 0.63671875 0.099609375 0.69140625
 1 0.9287109375 0.583984375 0.126953125 0.8125