
 0 0.0634765625 0.630859375 0.126953125 0.3203125
 3 0.0751953125 0.4921875 0.142578125 0.12109375
 0 0.2919921875 0.6591796875 0.330078125 0.419921875
 0 0.1513671875 0.5615234375 0.044921875 0.064453125
 4 0.3388671875 0.2470703125 0.021484375 0.064453125
 4 0.46484375 0.279296875 0.01953125 0.0625
 3 0.48046875 0.505859375 0.05078125 0.1015625
 2 0.55078125 0.5341796875 0.0859375 0.142578125
 4 0.6416015625 0.3955078125 0.021484375 0.060546875
 0 0.884765625 0.548828125 0.2265625 0.66015625