
 0 0.173828125 0.4921875 0.046875 0.05078125
 0 0.1728515625 0.486328125 0.044921875 0.046875
 0 0.2314453125 0.484375 0.029296875 0.0390625
 0 0.27734375 0.486328125 0.03515625 0.0546875
 0 0.322265625 0.4814453125 0.03125 0.037109375
 0 0.37109375 0.4775390625 0.03125 0.033203125
 None 0.53125 0.3544921875 0.01171875 0.048828125
 None 0.626953125 0.4169921875 0.01171875 0.037109375
 4 0.6806640625 0.3896484375 0.021484375 0.041015625
 None 0.677734375 0.3837890625 0.01171875 0.037109375