
 2 0.0791015625 0.501953125 0.025390625 0.03125
 0 0.2294921875 0.4912109375 0.080078125 0.048828125
 0 0.234375 0.4990234375 0.07421875 0.037109375
 4 0.2216796875 0.4345703125 0.013671875 0.033203125
 4 0.22265625 0.4306640625 0.01171875 0.037109375
 2 0.271484375 0.48828125 0.0390625 0.0625
 2 0.279296875 0.4892578125 0.0390625 0.068359375
 0 0.337890625 0.494140625 0.06640625 0.06640625
 4 0.3603515625 0.365234375 0.017578125 0.04296875
 4 0.3564453125 0.373046875 0.009765625 0.03125
 0 0.3779296875 0.4833984375 0.033203125 0.041015625
 0 0.3828125 0.484375 0.0390625 0.04296875
 4 0.4169921875 0.3623046875 0.017578125 0.041015625
 4 0.416015625 0.3623046875 0.01171875 0.029296875
 4 0.5068359375 0.423828125 0.013671875 0.04296875
 4 0.53125 0.373046875 0.015625 0.04296875
 0 0.6279296875 0.4638671875 0.087890625 0.041015625
 0 0.6318359375 0.466796875 0.076171875 0.05859375
 1 0.61328125 0.4853515625 0.0234375 0.091796875