
 1 0.9833984375 0.5908203125 0.033203125 0.146484375
 1 0.935546875 0.59375 0.0234375 0.12890625
 0 0.0732421875 0.625 0.119140625 0.125
 0 0.2529296875 0.619140625 0.080078125 0.08984375
 0 0.3134765625 0.580078125 0.017578125 0.0234375
 4 0.322265625 0.2314453125 0.02734375 0.095703125
 0 0.4375 0.5986328125 0.09765625 0.134765625
 4 0.49609375 0.24609375 0.03125 0.09765625
 4 0.833984375 0.431640625 0.03125 0.08984375
 2 0.873046875 0.5927734375 0.05859375 0.212890625
 2 0.875 0.5869140625 0.04296875 0.201171875