
 1 0.865234375 0.4755859375 0.0390625 0.162109375
 0 0.1904296875 0.5546875 0.048828125 0.05078125
 1 0.1884765625 0.548828125 0.021484375 0.06640625
 0 0.2197265625 0.5517578125 0.076171875 0.044921875
 1 0.2177734375 0.5478515625 0.021484375 0.064453125
 0 0.259765625 0.54296875 0.046875 0.046875
 3 0.3271484375 0.53125 0.087890625 0.0703125
 3 0.328125 0.517578125 0.08984375 0.0625
 4 0.4775390625 0.474609375 0.013671875 0.04296875
 4 0.4794921875 0.4736328125 0.013671875 0.044921875
 0 0.537109375 0.515625 0.046875 0.05859375
 0 0.57421875 0.5107421875 0.03125 0.037109375
 3 0.611328125 0.4912109375 0.05859375 0.087890625
 0 0.6123046875 0.4873046875 0.056640625 0.080078125
 1 0.6904296875 0.4990234375 0.025390625 0.111328125
 1 0.76171875 0.4892578125 0.0390625 0.134765625