
 0 0.8876953125 0.6103515625 0.220703125 0.373046875
 0 0.2265625 0.53125 0.03515625 0.046875
 0 0.2509765625 0.5439453125 0.068359375 0.068359375
 0 0.2939453125 0.5302734375 0.033203125 0.037109375
 0 0.4189453125 0.541015625 0.068359375 0.08984375
 4 0.40234375 0.4267578125 0.015625 0.033203125
 4 0.40234375 0.423828125 0.01171875 0.02734375
 4 0.447265625 0.421875 0.01171875 0.03125
 4 0.4482421875 0.423828125 0.013671875 0.02734375
 0 0.494140625 0.5244140625 0.03515625 0.041015625
 4 0.5107421875 0.4736328125 0.009765625 0.029296875
 0 0.619140625 0.515625 0.07421875 0.05859375
 0 0.7822265625 0.5341796875 0.099609375 0.099609375