
 0 0.0576171875 0.609375 0.107421875 0.31640625
 0 0.14453125 0.533203125 0.16796875 0.1875
 0 0.14453125 0.52734375 0.14453125 0.15234375
 4 0.12890625 0.2255859375 0.03125 0.087890625
 0 0.3037109375 0.5029296875 0.048828125 0.068359375
 0 0.3076171875 0.4990234375 0.044921875 0.048828125
 4 0.30078125 0.21484375 0.02734375 0.08984375
 4 0.3017578125 0.2236328125 0.025390625 0.083984375
 0 0.4501953125 0.5830078125 0.216796875 0.294921875
 4 0.4453125 0.228515625 0.02734375 0.09375
 4 0.681640625 0.3603515625 0.04296875 0.095703125
 4 0.6806640625 0.3681640625 0.021484375 0.060546875