
 0 0.0595703125 0.6171875 0.119140625 0.29296875
 0 0.1357421875 0.541015625 0.142578125 0.1796875
 0 0.1474609375 0.5419921875 0.115234375 0.240234375
 0 0.236328125 0.5419921875 0.0859375 0.095703125
 0 0.291015625 0.521484375 0.05859375 0.109375
 0 0.3818359375 0.52734375 0.126953125 0.18359375
 0 0.478515625 0.5244140625 0.0546875 0.068359375
 0 0.5458984375 0.5322265625 0.087890625 0.095703125
 0 0.7021484375 0.55859375 0.212890625 0.28125
 0 0.8515625 0.67578125 0.29296875 0.51171875