
 4 0.1005859375 0.3818359375 0.021484375 0.056640625
 4 0.1005859375 0.384765625 0.021484375 0.0546875
 0 0.3037109375 0.4912109375 0.064453125 0.060546875
 0 0.30859375 0.4931640625 0.0546875 0.064453125
 4 0.4189453125 0.2861328125 0.025390625 0.072265625
 4 0.4169921875 0.3095703125 0.013671875 0.052734375
 4 0.525390625 0.26953125 0.015625 0.0625
 4 0.525390625 0.2861328125 0.015625 0.052734375
 4 0.689453125 0.37890625 0.01953125 0.046875
 4 0.6865234375 0.392578125 0.013671875 0.0390625