
 0 0.056640625 0.5087890625 0.0625 0.099609375
 0 0.0576171875 0.513671875 0.056640625 0.05859375
 4 0.0966796875 0.375 0.017578125 0.05078125
 4 0.095703125 0.3740234375 0.015625 0.037109375
 0 0.1591796875 0.513671875 0.060546875 0.0703125
 0 0.162109375 0.505859375 0.046875 0.046875
 4 0.166015625 0.37890625 0.015625 0.03515625
 4 0.1669921875 0.3837890625 0.013671875 0.037109375
 0 0.251953125 0.4951171875 0.0546875 0.072265625
 4 0.263671875 0.45703125 0.015625 0.0390625
 4 0.2646484375 0.45703125 0.013671875 0.03125
 0 0.291015625 0.5048828125 0.02734375 0.044921875
 4 0.53515625 0.38671875 0.015625 0.0546875
 4 0.537109375 0.3984375 0.01953125 0.03515625
 0 0.552734375 0.4873046875 0.046875 0.037109375
 0 0.80859375 0.5693359375 0.33984375 0.349609375