
 0 0.1865234375 0.5673828125 0.119140625 0.103515625
 0 0.1865234375 0.560546875 0.115234375 0.09765625
 4 0.1640625 0.4892578125 0.03515625 0.056640625
 0 0.3603515625 0.55859375 0.123046875 0.16796875
 4 0.4443359375 0.478515625 0.009765625 0.04296875
 0 0.4892578125 0.52734375 0.029296875 0.04296875
 0 0.490234375 0.5263671875 0.03125 0.048828125
 4 0.6162109375 0.3515625 0.021484375 0.05078125
 4 0.615234375 0.3583984375 0.01171875 0.041015625
 4 0.732421875 0.4501953125 0.01171875 0.033203125
 0 0.78125 0.5419921875 0.1015625 0.103515625