
 0 0.025390625 0.5732421875 0.05078125 0.162109375
 0 0.1298828125 0.541015625 0.154296875 0.14453125
 0 0.302734375 0.5263671875 0.04296875 0.060546875
 4 0.337890625 0.3564453125 0.015625 0.052734375
 4 0.3369140625 0.353515625 0.013671875 0.03515625
 0 0.3798828125 0.5185546875 0.048828125 0.064453125
 0 0.4453125 0.5263671875 0.07421875 0.111328125
 4 0.4169921875 0.35546875 0.013671875 0.0390625
 4 0.54296875 0.4384765625 0.01171875 0.033203125
 1 0.59765625 0.5107421875 0.01953125 0.068359375
 1 0.6201171875 0.5126953125 0.017578125 0.060546875
 3 0.818359375 0.46484375 0.28515625 0.15234375
 4 0.7109375 0.3046875 0.01953125 0.09765625
 0 0.787109375 0.5068359375 0.140625 0.068359375
 0 0.791015625 0.5068359375 0.125 0.060546875
 1 0.7587890625 0.5146484375 0.021484375 0.142578125