
 0 0.033203125 0.5546875 0.0625 0.08203125
 3 0.1435546875 0.5185546875 0.177734375 0.154296875
 0 0.197265625 0.5439453125 0.1015625 0.103515625
 0 0.255859375 0.5361328125 0.05078125 0.072265625
 0 0.287109375 0.5390625 0.046875 0.078125
 0 0.2890625 0.5322265625 0.03515625 0.060546875
 3 0.330078125 0.5126953125 0.05078125 0.083984375
 4 0.376953125 0.3974609375 0.015625 0.041015625
 0 0.4814453125 0.5322265625 0.048828125 0.056640625
 0 0.521484375 0.5205078125 0.0234375 0.052734375
 0 0.5478515625 0.525390625 0.044921875 0.0625
 0 0.61328125 0.5361328125 0.08203125 0.083984375
 4 0.5888671875 0.2548828125 0.025390625 0.068359375
 0 0.802734375 0.552734375 0.19921875 0.1796875
 4 0.76171875 0.39453125 0.01171875 0.0390625