
 0 0.107421875 0.5302734375 0.109375 0.076171875
 0 0.2685546875 0.5361328125 0.095703125 0.134765625
 0 0.353515625 0.525390625 0.046875 0.0703125
 0 0.3857421875 0.51953125 0.021484375 0.03125
 3 0.41015625 0.5126953125 0.03125 0.060546875
 0 0.416015625 0.5263671875 0.02734375 0.044921875
 1 0.55859375 0.5146484375 0.01953125 0.056640625
 1 0.583984375 0.5244140625 0.02734375 0.087890625
 1 0.6396484375 0.5146484375 0.025390625 0.095703125
 1 0.638671875 0.5166015625 0.0234375 0.087890625
 1 0.6630859375 0.5126953125 0.029296875 0.103515625
 1 0.6630859375 0.50390625 0.021484375 0.09375