
 0 0.2275390625 0.515625 0.041015625 0.06640625
 0 0.2880859375 0.52734375 0.080078125 0.09765625
 4 0.2626953125 0.4072265625 0.021484375 0.048828125
 4 0.26171875 0.4140625 0.015625 0.046875
 4 0.271484375 0.361328125 0.01953125 0.05859375
 4 0.2724609375 0.3662109375 0.017578125 0.041015625
 0 0.357421875 0.5146484375 0.04296875 0.048828125
 0 0.41796875 0.51171875 0.03515625 0.05078125
 4 0.4189453125 0.33203125 0.017578125 0.05078125
 4 0.4208984375 0.322265625 0.017578125 0.0546875
 4 0.5322265625 0.40625 0.017578125 0.04296875
 4 0.53125 0.419921875 0.015625 0.04296875
 4 0.6494140625 0.2646484375 0.033203125 0.083984375
 4 0.6455078125 0.294921875 0.025390625 0.0546875
 0 0.7119140625 0.513671875 0.076171875 0.08203125