
 0 0.583984375 0.4853515625 0.0390625 0.021484375
 0 0.3935546875 0.5048828125 0.044921875 0.037109375
 0 0.5107421875 0.494140625 0.076171875 0.046875
 0 0.2763671875 0.5068359375 0.056640625 0.044921875
 0 0.3154296875 0.501953125 0.076171875 0.046875
 0 0.9580078125 0.607421875 0.083984375 0.28515625
 0 0.193359375 0.5390625 0.08984375 0.078125
 4 0.298828125 0.4521484375 0.0078125 0.029296875
 0 0.4287109375 0.501953125 0.052734375 0.0703125
 4 0.47265625 0.4326171875 0.01953125 0.056640625
 4 0.47265625 0.4306640625 0.015625 0.033203125
 2 0.51953125 0.51953125 0.01953125 0.11328125
 0 0.6591796875 0.509765625 0.119140625 0.1328125