
 0 0.404296875 0.52734375 0.02734375 0.03515625
 0 0.4365234375 0.5283203125 0.021484375 0.029296875
 0 0.1953125 0.5380859375 0.0546875 0.037109375
 0 0.12109375 0.55078125 0.046875 0.046875
 0 0.1513671875 0.546875 0.033203125 0.0546875
 0 0.154296875 0.5498046875 0.03515625 0.044921875
 0 0.3212890625 0.53515625 0.041015625 0.0546875
 0 0.3193359375 0.5341796875 0.033203125 0.037109375
 0 0.365234375 0.529296875 0.03125 0.03515625
 0 0.4765625 0.5263671875 0.04296875 0.052734375
 0 0.53515625 0.55078125 0.09375 0.12109375
 0 0.591796875 0.517578125 0.046875 0.078125
 3 0.58984375 0.51953125 0.04296875 0.0703125
 0 0.6787109375 0.54296875 0.068359375 0.06640625
 0 0.775390625 0.5693359375 0.15234375 0.134765625