
 0 0.060546875 0.541015625 0.0625 0.0546875
 0 0.06640625 0.537109375 0.05859375 0.0625
 0 0.1044921875 0.525390625 0.037109375 0.04296875
 0 0.3818359375 0.5478515625 0.103515625 0.146484375
 0 0.50390625 0.521484375 0.06640625 0.046875
 0 0.5107421875 0.5234375 0.068359375 0.0546875
 0 0.5791015625 0.5439453125 0.041015625 0.123046875
 0 0.5810546875 0.537109375 0.041015625 0.0859375
 0 0.654296875 0.5419921875 0.125 0.115234375
 1 0.654296875 0.54296875 0.125 0.11328125
 0 0.8388671875 0.546875 0.255859375 0.20703125