
 3 0.0712890625 0.375 0.142578125 0.32421875
 3 0.078125 0.376953125 0.15625 0.22265625
 0 0.0498046875 0.5361328125 0.099609375 0.189453125
 0 0.1962890625 0.52734375 0.197265625 0.2109375
 4 0.25390625 0.3349609375 0.01953125 0.048828125
 0 0.482421875 0.654296875 0.38671875 0.4765625
 4 0.30859375 0.337890625 0.01953125 0.05078125
 4 0.3916015625 0.333984375 0.017578125 0.046875
 4 0.447265625 0.33984375 0.01953125 0.046875
 4 0.5712890625 0.4052734375 0.017578125 0.044921875
 0 0.7744140625 0.4853515625 0.146484375 0.099609375
 0 0.7802734375 0.4892578125 0.154296875 0.095703125
 0 0.865234375 0.4775390625 0.0859375 0.064453125