
 0 0.0634765625 0.5693359375 0.126953125 0.154296875
 4 0.251953125 0.353515625 0.015625 0.0390625
 4 0.25 0.3525390625 0.01171875 0.033203125
 0 0.26171875 0.5390625 0.02734375 0.02734375
 0 0.263671875 0.537109375 0.02734375 0.0390625
 0 0.3154296875 0.5244140625 0.021484375 0.021484375
 0 0.330078125 0.51953125 0.015625 0.01953125
 4 0.345703125 0.3447265625 0.015625 0.041015625
 4 0.345703125 0.349609375 0.01171875 0.0390625
 0 0.369140625 0.517578125 0.03515625 0.05078125
 0 0.3955078125 0.5126953125 0.025390625 0.033203125
 0 0.4208984375 0.5341796875 0.052734375 0.068359375
 4 0.5048828125 0.4306640625 0.013671875 0.033203125
 4 0.5068359375 0.43359375 0.009765625 0.03125
 0 0.6669921875 0.50390625 0.115234375 0.09375
 0 0.6787109375 0.50390625 0.134765625 0.08984375
 0 0.751953125 0.50390625 0.12890625 0.0859375
 0 0.76171875 0.5068359375 0.125 0.083984375
 0 0.8505859375 0.455078125 0.029296875 0.03125