
 0 0.125 0.60546875 0.25 0.40234375
 0 0.291015625 0.466796875 0.0625 0.11328125
 3 0.291015625 0.4638671875 0.0546875 0.099609375
 0 0.333984375 0.478515625 0.0703125 0.09375
 4 0.3662109375 0.33984375 0.017578125 0.0546875
 0 0.400390625 0.4892578125 0.06640625 0.060546875
 0 0.451171875 0.484375 0.04296875 0.0625
 4 0.4404296875 0.34765625 0.013671875 0.046875
 0 0.482421875 0.4716796875 0.03515625 0.052734375
 4 0.486328125 0.361328125 0.015625 0.0390625
 0 0.515625 0.4736328125 0.03515625 0.041015625
 3 0.5439453125 0.4580078125 0.029296875 0.048828125
 4 0.591796875 0.408203125 0.015625 0.03515625
 0 0.6240234375 0.4970703125 0.068359375 0.072265625
 4 0.6328125 0.3759765625 0.0234375 0.052734375
 4 0.6318359375 0.392578125 0.013671875 0.046875
 0 0.7109375 0.47265625 0.0859375 0.046875
 0 0.857421875 0.556640625 0.26171875 0.234375