
 None 0.30859375 0.1220703125 0.03125 0.107421875
 0 0.060546875 0.568359375 0.08203125 0.078125
 0 0.12890625 0.544921875 0.08984375 0.0703125
 4 0.1474609375 0.2099609375 0.037109375 0.115234375
 0 0.181640625 0.5615234375 0.04296875 0.052734375
 0 0.25390625 0.5791015625 0.109375 0.123046875
 0 0.34765625 0.5625 0.046875 0.06640625
 0 0.4013671875 0.564453125 0.064453125 0.078125
 0 0.5888671875 0.5458984375 0.052734375 0.056640625
 0 0.587890625 0.5458984375 0.0390625 0.056640625
 None 0.625 0.3466796875 0.01953125 0.068359375
 1 0.6435546875 0.55078125 0.048828125 0.1484375
 0 0.880859375 0.5712890625 0.234375 0.146484375