
 0 0.1845703125 0.634765625 0.369140625 0.625
 0 0.3974609375 0.5791015625 0.134765625 0.220703125
 4 0.3466796875 0.435546875 0.017578125 0.05859375
 4 0.474609375 0.3564453125 0.015625 0.052734375
 0 0.509765625 0.537109375 0.03125 0.0390625
 4 0.5244140625 0.4296875 0.017578125 0.05078125
 4 0.7060546875 0.318359375 0.041015625 0.12109375
 1 0.7041015625 0.5263671875 0.021484375 0.064453125
 1 0.7001953125 0.5283203125 0.009765625 0.068359375
 1 0.7265625 0.5263671875 0.0234375 0.076171875
 1 0.724609375 0.5166015625 0.015625 0.052734375
 0 0.90234375 0.53515625 0.109375 0.109375
 0 0.869140625 0.552734375 0.04296875 0.0703125
 0 0.9404296875 0.5419921875 0.107421875 0.111328125
 0 0.9267578125 0.55078125 0.064453125 0.0859375
 0 0.97265625 0.5341796875 0.05078125 0.103515625