
 0 0.0556640625 0.5595703125 0.056640625 0.060546875
 0 0.15234375 0.548828125 0.02734375 0.04296875
 0 0.197265625 0.5478515625 0.02734375 0.029296875
 0 0.2275390625 0.54296875 0.025390625 0.04296875
 0 0.251953125 0.548828125 0.05859375 0.08984375
 0 0.341796875 0.626953125 0.19921875 0.3359375
 4 0.341796875 0.3154296875 0.02734375 0.076171875
 4 0.462890625 0.32421875 0.02734375 0.08203125
 0 0.58984375 0.5595703125 0.140625 0.212890625
 4 0.560546875 0.357421875 0.03125 0.07421875
 4 0.5595703125 0.3525390625 0.021484375 0.056640625
 0 0.7763671875 0.6376953125 0.349609375 0.384765625
 4 0.6806640625 0.44140625 0.017578125 0.05078125
 0 0.951171875 0.53515625 0.09375 0.1171875