
 1 0.9736328125 0.5517578125 0.021484375 0.111328125
 1 0.9501953125 0.5517578125 0.021484375 0.099609375
 0 0.060546875 0.58984375 0.12109375 0.24609375
 0 0.1533203125 0.568359375 0.080078125 0.08203125
 0 0.2412109375 0.537109375 0.052734375 0.078125
 0 0.4052734375 0.548828125 0.048828125 0.078125
 0 0.4814453125 0.5400390625 0.060546875 0.095703125
 0 0.552734375 0.5595703125 0.07421875 0.126953125
 0 0.658203125 0.578125 0.17578125 0.15625
 0 0.7529296875 0.5546875 0.072265625 0.13671875
 0 0.8779296875 0.521484375 0.048828125 0.04296875
 0 0.8876953125 0.54296875 0.044921875 0.0546875