
 0 0.134765625 0.5244140625 0.0234375 0.033203125
 0 0.251953125 0.533203125 0.125 0.08203125
 0 0.251953125 0.537109375 0.109375 0.08203125
 0 0.35546875 0.548828125 0.09375 0.12109375
 0 0.357421875 0.54296875 0.0859375 0.109375
 4 0.3271484375 0.349609375 0.017578125 0.05078125
 4 0.330078125 0.349609375 0.015625 0.05078125
 4 0.4111328125 0.353515625 0.013671875 0.0546875
 4 0.416015625 0.3525390625 0.015625 0.044921875
 0 0.5048828125 0.525390625 0.072265625 0.1328125
 0 0.49609375 0.52734375 0.05078125 0.125
 4 0.486328125 0.369140625 0.015625 0.04296875
 4 0.4892578125 0.375 0.013671875 0.046875
 0 0.5712890625 0.5478515625 0.146484375 0.177734375
 4 0.580078125 0.4384765625 0.01953125 0.056640625
 4 0.580078125 0.42578125 0.015625 0.04296875
 0 0.708984375 0.5048828125 0.15234375 0.197265625
 0 0.7001953125 0.5234375 0.130859375 0.140625
 0 0.849609375 0.5634765625 0.23828125 0.189453125
 4 0.9013671875 0.3544921875 0.037109375 0.103515625
 4 0.908203125 0.3525390625 0.03125 0.095703125