
 2 0.0537109375 0.544921875 0.033203125 0.07421875
 4 0.0517578125 0.4404296875 0.021484375 0.056640625
 2 0.0556640625 0.541015625 0.017578125 0.06640625
 1 0.080078125 0.5380859375 0.0234375 0.080078125
 1 0.083984375 0.5419921875 0.02734375 0.076171875
 2 0.0810546875 0.5380859375 0.009765625 0.068359375
 0 0.171875 0.525390625 0.0859375 0.07421875
 3 0.173828125 0.521484375 0.08203125 0.08203125
 3 0.2373046875 0.5107421875 0.056640625 0.056640625
 0 0.244140625 0.515625 0.0625 0.05859375
 0 0.24609375 0.5322265625 0.05859375 0.048828125
 1 0.28515625 0.513671875 0.0234375 0.07421875
 3 0.3271484375 0.4814453125 0.099609375 0.146484375
 0 0.4013671875 0.517578125 0.033203125 0.03515625
 0 0.447265625 0.51171875 0.02734375 0.03125
 4 0.44921875 0.32421875 0.01953125 0.05859375
 0 0.46484375 0.513671875 0.02734375 0.0390625
 4 0.5185546875 0.32421875 0.021484375 0.06640625
 0 0.6328125 0.52734375 0.09765625 0.06640625
 4 0.6552734375 0.4111328125 0.021484375 0.064453125
 0 0.8876953125 0.6318359375 0.220703125 0.724609375
 0 0.8876953125 0.634765625 0.216796875 0.71875