
 0 0.05859375 0.580078125 0.1171875 0.1171875
 0 0.259765625 0.578125 0.1953125 0.21484375
 4 0.212890625 0.4306640625 0.015625 0.048828125
 4 0.2138671875 0.4228515625 0.013671875 0.033203125
 0 0.365234375 0.560546875 0.08984375 0.11328125
 4 0.490234375 0.3251953125 0.015625 0.048828125
 4 0.490234375 0.3271484375 0.015625 0.048828125
 0 0.52734375 0.5400390625 0.07421875 0.091796875
 4 0.5751953125 0.3212890625 0.013671875 0.048828125
 0 0.650390625 0.501953125 0.05078125 0.05078125
 0 0.6669921875 0.54296875 0.044921875 0.13671875
 0 0.755859375 0.5537109375 0.203125 0.251953125
 4 0.7021484375 0.4189453125 0.013671875 0.044921875
 4 0.853515625 0.3056640625 0.02734375 0.103515625
 1 0.8681640625 0.5234375 0.025390625 0.12109375
 1 0.87109375 0.5244140625 0.02734375 0.126953125
 1 0.8896484375 0.525390625 0.013671875 0.11328125
 1 0.90625 0.5126953125 0.0234375 0.123046875
 1 0.9287109375 0.5126953125 0.029296875 0.130859375