
 0 0.87890625 0.5654296875 0.2421875 0.244140625
 0 0.064453125 0.55078125 0.12890625 0.16796875
 0 0.1630859375 0.5400390625 0.087890625 0.103515625
 0 0.224609375 0.5283203125 0.0625 0.095703125
 0 0.2724609375 0.51171875 0.037109375 0.08203125
 0 0.3388671875 0.5087890625 0.048828125 0.052734375
 0 0.3662109375 0.5068359375 0.021484375 0.048828125
 0 0.5556640625 0.501953125 0.041015625 0.10546875
 0 0.60546875 0.5068359375 0.08984375 0.123046875
 0 0.73046875 0.51953125 0.18359375 0.21484375