
 0 0.0732421875 0.5419921875 0.107421875 0.095703125
 0 0.1279296875 0.52734375 0.025390625 0.08203125
 0 0.154296875 0.5234375 0.04296875 0.0546875
 0 0.3818359375 0.6611328125 0.369140625 0.509765625
 0 0.26953125 0.5087890625 0.03515625 0.060546875
 0 0.5361328125 0.513671875 0.080078125 0.07421875
 1 0.763671875 0.4609375 0.01953125 0.04296875
 1 0.7802734375 0.490234375 0.021484375 0.0390625
 1 0.833984375 0.484375 0.03125 0.125
 1 0.8603515625 0.4853515625 0.021484375 0.119140625
 0 0.9619140625 0.53125 0.072265625 0.12890625