
 1 0.1630859375 0.5576171875 0.048828125 0.287109375
 1 0.1904296875 0.5888671875 0.052734375 0.193359375
 0 0.42578125 0.671875 0.50390625 0.58203125
 1 0.6474609375 0.4912109375 0.033203125 0.083984375
 1 0.6494140625 0.4951171875 0.021484375 0.064453125
 0 0.6728515625 0.4921875 0.064453125 0.06640625
 4 0.7587890625 0.259765625 0.021484375 0.078125
 0 0.8056640625 0.4931640625 0.083984375 0.060546875
 4 0.880859375 0.3828125 0.02734375 0.06640625
 0 0.978515625 0.6787109375 0.0390625 0.259765625