
 0 0.1474609375 0.4951171875 0.087890625 0.068359375
 0 0.2109375 0.4970703125 0.06640625 0.052734375
 3 0.251953125 0.486328125 0.04296875 0.07421875
 0 0.2587890625 0.484375 0.033203125 0.0703125
 0 0.2822265625 0.49609375 0.025390625 0.04296875
 0 0.43359375 0.615234375 0.30859375 0.40234375
 4 0.3212890625 0.23828125 0.021484375 0.05859375
 4 0.453125 0.244140625 0.0234375 0.0703125
 4 0.6591796875 0.361328125 0.017578125 0.04296875
 4 0.6572265625 0.361328125 0.013671875 0.0390625
 4 0.8681640625 0.1435546875 0.041015625 0.130859375