
 1 0.2958984375 0.537109375 0.041015625 0.171875
 1 0.294921875 0.537109375 0.03515625 0.171875
 1 0.3974609375 0.5615234375 0.095703125 0.302734375
 1 0.3701171875 0.5263671875 0.037109375 0.185546875
 1 0.45703125 0.5205078125 0.03515625 0.177734375
 1 0.494140625 0.5576171875 0.078125 0.291015625
 0 0.4931640625 0.552734375 0.048828125 0.24609375
 0 0.65625 0.5859375 0.32421875 0.21484375
 1 0.5859375 0.5029296875 0.046875 0.099609375
 1 0.609375 0.50390625 0.04296875 0.09375
 1 0.869140625 0.580078125 0.17578125 0.49609375
 0 0.9423828125 0.5234375 0.111328125 0.19140625