
 0 0.8583984375 0.578125 0.232421875 0.2109375
 0 0.171875 0.521484375 0.09765625 0.1015625
 0 0.171875 0.5205078125 0.08984375 0.095703125
 0 0.291015625 0.4970703125 0.078125 0.107421875
 0 0.3330078125 0.50390625 0.025390625 0.05078125
 0 0.3681640625 0.5048828125 0.048828125 0.048828125
 0 0.4931640625 0.4931640625 0.044921875 0.072265625
 0 0.580078125 0.5048828125 0.0234375 0.083984375
 0 0.59375 0.5 0.046875 0.07421875
 0 0.6103515625 0.5126953125 0.044921875 0.083984375
 0 0.626953125 0.517578125 0.05859375 0.08203125
 0 0.6845703125 0.54296875 0.115234375 0.12890625
 0 0.6884765625 0.537109375 0.115234375 0.09765625