
 0 0.0263671875 0.54296875 0.052734375 0.0859375
 0 0.1240234375 0.5400390625 0.060546875 0.048828125
 0 0.2509765625 0.5263671875 0.064453125 0.072265625
 0 0.2998046875 0.52734375 0.041015625 0.05078125
 0 0.4296875 0.552734375 0.125 0.18359375
 0 0.6796875 0.5166015625 0.0859375 0.068359375
 0 0.7080078125 0.5283203125 0.080078125 0.068359375
 1 0.6953125 0.525390625 0.02734375 0.09765625
 0 0.7958984375 0.521484375 0.103515625 0.11328125
 0 0.830078125 0.5166015625 0.125 0.103515625
 0 0.8837890625 0.517578125 0.169921875 0.140625
 0 0.8515625 0.5283203125 0.1015625 0.115234375
 0 0.89453125 0.541015625 0.07421875 0.10546875
 0 0.93359375 0.51953125 0.125 0.1640625