
 0 0.18359375 0.6279296875 0.3671875 0.619140625
 4 0.3466796875 0.4345703125 0.017578125 0.060546875
 0 0.400390625 0.583984375 0.125 0.2265625
 0 0.4814453125 0.5400390625 0.099609375 0.091796875
 4 0.474609375 0.35546875 0.015625 0.05078125
 4 0.5244140625 0.4296875 0.017578125 0.05078125
 4 0.7060546875 0.318359375 0.041015625 0.12109375
 1 0.7001953125 0.52734375 0.009765625 0.06640625
 1 0.7265625 0.5263671875 0.0234375 0.076171875
 1 0.724609375 0.5166015625 0.015625 0.052734375
 0 0.90234375 0.533203125 0.109375 0.109375
 0 0.869140625 0.552734375 0.04296875 0.0703125
 0 0.9404296875 0.5400390625 0.107421875 0.111328125
 0 0.9267578125 0.55078125 0.064453125 0.0859375
 0 0.9736328125 0.53515625 0.048828125 0.10546875