
 1 0.970703125 0.5693359375 0.05859375 0.197265625
 0 0.0439453125 0.583984375 0.087890625 0.10546875
 0 0.1279296875 0.587890625 0.103515625 0.0859375
 3 0.193359375 0.5341796875 0.08984375 0.138671875
 4 0.185546875 0.1904296875 0.03125 0.095703125
 4 0.185546875 0.1923828125 0.0234375 0.080078125
 0 0.2470703125 0.5673828125 0.021484375 0.056640625
 0 0.32421875 0.564453125 0.05859375 0.0859375
 4 0.353515625 0.19921875 0.03515625 0.09765625
 4 0.3525390625 0.201171875 0.029296875 0.09375
 0 0.40234375 0.576171875 0.0859375 0.1171875
 1 0.4755859375 0.5498046875 0.025390625 0.068359375
 1 0.474609375 0.5546875 0.015625 0.0546875
 1 0.583984375 0.537109375 0.01171875 0.05078125
 4 0.6103515625 0.38671875 0.029296875 0.08984375
 1 0.734375 0.5673828125 0.03515625 0.134765625
 1 0.7685546875 0.560546875 0.029296875 0.1484375
 1 0.8076171875 0.5576171875 0.037109375 0.146484375