
 2 0.021484375 0.548828125 0.03125 0.0859375
 2 0.01953125 0.54296875 0.01953125 0.0703125
 1 0.07421875 0.53515625 0.015625 0.06640625
 0 0.123046875 0.53125 0.09375 0.09765625
 3 0.1279296875 0.529296875 0.091796875 0.08984375
 0 0.201171875 0.5390625 0.07421875 0.06640625
 0 0.19921875 0.5068359375 0.06640625 0.041015625
 3 0.201171875 0.5146484375 0.0546875 0.048828125
 3 0.291015625 0.482421875 0.109375 0.17578125
 0 0.3583984375 0.521484375 0.033203125 0.03515625
 0 0.388671875 0.5205078125 0.0390625 0.052734375
 4 0.423828125 0.318359375 0.01953125 0.0546875
 4 0.5 0.3173828125 0.01953125 0.060546875
 0 0.5419921875 0.521484375 0.044921875 0.05859375
 4 0.6435546875 0.412109375 0.021484375 0.0625
 0 0.83984375 0.525390625 0.15234375 0.08203125