
 0 0.3037109375 0.5283203125 0.037109375 0.044921875
 0 0.283203125 0.537109375 0.0390625 0.05078125
 0 0.2412109375 0.5400390625 0.064453125 0.064453125
 0 0.181640625 0.556640625 0.08203125 0.08984375
 4 0.0166015625 0.359375 0.029296875 0.09765625
 1 0.0810546875 0.5126953125 0.013671875 0.017578125
 1 0.169921875 0.55078125 0.03125 0.12890625
 1 0.44140625 0.5166015625 0.01171875 0.037109375
 0 0.5048828125 0.525390625 0.056640625 0.09375
 4 0.51953125 0.322265625 0.03515625 0.1015625
 1 0.5888671875 0.51953125 0.037109375 0.09375
 1 0.6298828125 0.505859375 0.029296875 0.1171875
 1 0.658203125 0.515625 0.04296875 0.11328125
 1 0.654296875 0.5126953125 0.0234375 0.095703125
 1 0.689453125 0.5 0.05078125 0.1328125
 1 0.6845703125 0.5 0.029296875 0.11328125
 1 0.859375 0.4794921875 0.03515625 0.146484375
 0 0.9619140625 0.5234375 0.072265625 0.125