
 0 0.064453125 0.634765625 0.12890625 0.33203125
 3 0.0751953125 0.5009765625 0.146484375 0.142578125
 0 0.1572265625 0.5615234375 0.056640625 0.064453125
 0 0.2998046875 0.6572265625 0.330078125 0.423828125
 4 0.337890625 0.2490234375 0.0234375 0.072265625
 0 0.4814453125 0.5439453125 0.083984375 0.083984375
 0 0.4833984375 0.544921875 0.080078125 0.08203125
 4 0.4658203125 0.2783203125 0.021484375 0.068359375
 4 0.6416015625 0.3974609375 0.021484375 0.064453125
 1 0.6865234375 0.5244140625 0.017578125 0.083984375
 1 0.7021484375 0.5185546875 0.021484375 0.087890625
 0 0.8798828125 0.5654296875 0.236328125 0.673828125