
 0 0.0771484375 0.5498046875 0.083984375 0.076171875
 0 0.0390625 0.513671875 0.04296875 0.03125
 0 0.0927734375 0.5078125 0.048828125 0.03125
 0 0.10546875 0.5166015625 0.04296875 0.041015625
 0 0.1494140625 0.5107421875 0.041015625 0.044921875
 0 0.1982421875 0.52734375 0.056640625 0.0546875
 0 0.19921875 0.52734375 0.05078125 0.05078125
 0 0.2724609375 0.546875 0.083984375 0.1015625
 4 0.2509765625 0.4560546875 0.017578125 0.041015625
 0 0.32421875 0.515625 0.03125 0.04296875
 0 0.373046875 0.513671875 0.0390625 0.05078125
 0 0.3740234375 0.509765625 0.025390625 0.0390625
 4 0.3935546875 0.408203125 0.013671875 0.03515625
 4 0.435546875 0.4189453125 0.01953125 0.029296875
 4 0.5029296875 0.4541015625 0.013671875 0.033203125
 4 0.529296875 0.4404296875 0.01171875 0.029296875
 0 0.5693359375 0.4873046875 0.056640625 0.037109375
 0 0.611328125 0.4873046875 0.03125 0.029296875