
 0 0.015625 0.529296875 0.02734375 0.046875
 4 0.0615234375 0.44921875 0.021484375 0.04296875
 4 0.0634765625 0.4638671875 0.017578125 0.048828125
 0 0.126953125 0.5224609375 0.03515625 0.044921875
 0 0.150390625 0.5185546875 0.01953125 0.048828125
 0 0.171875 0.5205078125 0.03515625 0.041015625
 0 0.2001953125 0.515625 0.021484375 0.04296875
 0 0.220703125 0.51171875 0.046875 0.0546875
 4 0.21484375 0.37109375 0.01953125 0.0546875
 0 0.4296875 0.580078125 0.375 0.51953125
 0 0.2666015625 0.5078125 0.041015625 0.08984375
 4 0.5869140625 0.375 0.033203125 0.05859375
 0 0.6611328125 0.5341796875 0.115234375 0.103515625
 1 0.7177734375 0.4951171875 0.044921875 0.095703125
 1 0.712890625 0.5068359375 0.03515625 0.111328125
 0 0.9375 0.6689453125 0.12109375 0.310546875