
 0 0.73828125 0.5185546875 0.0625 0.072265625
 0 0.9609375 0.486328125 0.06640625 0.09375
 0 0.1064453125 0.5615234375 0.130859375 0.115234375
 0 0.2001953125 0.5341796875 0.076171875 0.103515625
 0 0.2548828125 0.54296875 0.060546875 0.0703125
 0 0.2568359375 0.5400390625 0.056640625 0.068359375
 4 0.2900390625 0.4423828125 0.013671875 0.033203125
 0 0.33203125 0.5400390625 0.046875 0.068359375
 4 0.3271484375 0.421875 0.017578125 0.04296875
 0 0.3935546875 0.54296875 0.072265625 0.09375
 4 0.37890625 0.4013671875 0.01953125 0.041015625
 4 0.37890625 0.396484375 0.015625 0.046875
 0 0.4326171875 0.5341796875 0.025390625 0.056640625
 0 0.5263671875 0.5166015625 0.064453125 0.052734375
 0 0.8037109375 0.5048828125 0.099609375 0.091796875
 1 0.853515625 0.5078125 0.03125 0.12890625
 1 0.8544921875 0.4921875 0.025390625 0.07421875