
 0 0.3935546875 0.5146484375 0.189453125 0.111328125
 0 0.4384765625 0.5048828125 0.068359375 0.068359375
 0 0.501953125 0.4853515625 0.0625 0.060546875
 2 0.6142578125 0.5517578125 0.181640625 0.283203125
 2 0.6181640625 0.55078125 0.181640625 0.28515625
 4 0.560546875 0.2451171875 0.0234375 0.072265625
 0 0.6552734375 0.49609375 0.052734375 0.078125
 0 0.658203125 0.4951171875 0.0546875 0.068359375
 4 0.677734375 0.2490234375 0.02734375 0.080078125
 0 0.8603515625 0.49609375 0.044921875 0.05078125
 4 0.9794921875 0.380859375 0.029296875 0.06640625