
 2 0.0166015625 0.5517578125 0.033203125 0.080078125
 0 0.1171875 0.5283203125 0.1015625 0.103515625
 0 0.189453125 0.541015625 0.07421875 0.06640625
 0 0.1962890625 0.5107421875 0.068359375 0.056640625
 3 0.287109375 0.4814453125 0.11328125 0.169921875
 0 0.3583984375 0.5263671875 0.037109375 0.037109375
 0 0.384765625 0.5185546875 0.0390625 0.044921875
 4 0.421875 0.3193359375 0.01953125 0.060546875
 4 0.4990234375 0.31640625 0.021484375 0.0625
 0 0.546875 0.5166015625 0.02734375 0.037109375
 4 0.64453125 0.4150390625 0.02734375 0.068359375