
 3 0.0615234375 0.5107421875 0.123046875 0.048828125
 1 0.03515625 0.56640625 0.02734375 0.08984375
 1 0.03515625 0.5654296875 0.01953125 0.095703125
 0 0.1533203125 0.57421875 0.138671875 0.12890625
 4 0.353515625 0.1845703125 0.03515625 0.083984375
 0 0.5322265625 0.537109375 0.115234375 0.07421875
 4 0.6025390625 0.3505859375 0.029296875 0.087890625
 4 0.6064453125 0.3486328125 0.017578125 0.072265625
 0 0.658203125 0.51953125 0.06640625 0.07421875
 1 0.6904296875 0.53515625 0.037109375 0.14453125
 1 0.7607421875 0.537109375 0.029296875 0.14453125
 1 0.79296875 0.5361328125 0.03125 0.146484375
 1 0.8330078125 0.53125 0.037109375 0.1640625
 1 0.83203125 0.5322265625 0.03125 0.158203125
 1 0.88671875 0.5146484375 0.046875 0.189453125