
 0 0.0693359375 0.5107421875 0.064453125 0.080078125
 0 0.1201171875 0.50390625 0.091796875 0.08984375
 4 0.1435546875 0.232421875 0.021484375 0.06640625
 0 0.388671875 0.66796875 0.48046875 0.52734375
 0 0.19140625 0.505859375 0.0703125 0.06640625
 0 0.2294921875 0.4892578125 0.060546875 0.080078125
 4 0.3095703125 0.22265625 0.021484375 0.0703125
 4 0.4501953125 0.236328125 0.021484375 0.08203125
 4 0.6689453125 0.36328125 0.025390625 0.05859375
 4 0.6689453125 0.3505859375 0.013671875 0.037109375
 4 0.955078125 0.0791015625 0.07421875 0.150390625
 4 0.9521484375 0.0654296875 0.041015625 0.130859375