
 1 0.865234375 0.486328125 0.015625 0.0703125
 4 0.072265625 0.0859375 0.109375 0.15625
 0 0.16796875 0.509765625 0.1875 0.15625
 0 0.3662109375 0.5107421875 0.076171875 0.068359375
 0 0.4375 0.4921875 0.046875 0.0546875
 0 0.4326171875 0.4970703125 0.033203125 0.044921875
 4 0.5703125 0.0302734375 0.02734375 0.056640625
 4 0.5673828125 0.3603515625 0.013671875 0.052734375
 4 0.65234375 0.35546875 0.015625 0.0390625
 4 0.7265625 0.412109375 0.015625 0.046875
 2 0.7548828125 0.482421875 0.021484375 0.06640625
 4 0.8017578125 0.07421875 0.025390625 0.08984375
 1 0.8125 0.48046875 0.015625 0.05078125
 0 0.9384765625 0.5068359375 0.119140625 0.232421875