
 0 0.0390625 0.6337890625 0.078125 0.302734375
 0 0.1591796875 0.5546875 0.064453125 0.0546875
 0 0.216796875 0.556640625 0.04296875 0.046875
 0 0.287109375 0.5546875 0.046875 0.0859375
 0 0.373046875 0.5673828125 0.14453125 0.193359375
 4 0.3173828125 0.34375 0.021484375 0.05078125
 4 0.416015625 0.341796875 0.015625 0.0546875
 0 0.4482421875 0.546875 0.037109375 0.10546875
 4 0.4931640625 0.341796875 0.017578125 0.046875
 0 0.54296875 0.5263671875 0.0625 0.091796875
 0 0.6240234375 0.5556640625 0.068359375 0.123046875
 0 0.775390625 0.6171875 0.328125 0.34375
 4 0.6806640625 0.4365234375 0.021484375 0.056640625
 0 0.927734375 0.5341796875 0.10546875 0.080078125
 4 0.94140625 0.2607421875 0.046875 0.138671875