
 0 0.0576171875 0.525390625 0.111328125 0.09765625
 0 0.107421875 0.5068359375 0.08984375 0.068359375
 0 0.119140625 0.513671875 0.05859375 0.078125
 0 0.18359375 0.5029296875 0.05859375 0.072265625
 0 0.1904296875 0.501953125 0.056640625 0.06640625
 0 0.248046875 0.498046875 0.09765625 0.06640625
 0 0.3740234375 0.50390625 0.095703125 0.07421875
 0 0.44140625 0.4853515625 0.05078125 0.044921875
 0 0.4521484375 0.474609375 0.072265625 0.078125
 0 0.5078125 0.5166015625 0.15625 0.166015625
 0 0.701171875 0.544921875 0.33984375 0.265625