
 0 0.0361328125 0.5400390625 0.072265625 0.169921875
 3 0.076171875 0.501953125 0.109375 0.0859375
 0 0.0888671875 0.578125 0.134765625 0.1796875
 0 0.2841796875 0.591796875 0.326171875 0.421875
 4 0.3193359375 0.3291015625 0.017578125 0.052734375
 4 0.4150390625 0.326171875 0.017578125 0.04296875
 0 0.4990234375 0.51953125 0.037109375 0.05859375
 4 0.4912109375 0.326171875 0.017578125 0.05078125
 0 0.5244140625 0.521484375 0.025390625 0.0390625
 0 0.6953125 0.5654296875 0.1640625 0.177734375
 1 0.6337890625 0.5224609375 0.017578125 0.056640625
 1 0.634765625 0.513671875 0.015625 0.0390625
 4 0.6796875 0.4169921875 0.015625 0.044921875
 3 0.892578125 0.4833984375 0.2109375 0.146484375
 4 0.9306640625 0.255859375 0.048828125 0.16015625
 1 0.9580078125 0.5419921875 0.029296875 0.119140625