
 0 0.1982421875 0.552734375 0.111328125 0.12109375
 0 0.1982421875 0.5556640625 0.103515625 0.111328125
 0 0.3056640625 0.54296875 0.041015625 0.05078125
 0 0.306640625 0.541015625 0.04296875 0.05078125
 0 0.341796875 0.529296875 0.03125 0.0390625
 0 0.392578125 0.5078125 0.03515625 0.03125
 0 0.42578125 0.515625 0.02734375 0.03125
 2 0.4560546875 0.5263671875 0.021484375 0.060546875
 2 0.4541015625 0.5244140625 0.013671875 0.060546875
 0 0.505859375 0.517578125 0.04296875 0.046875
 0 0.5693359375 0.5087890625 0.064453125 0.052734375
 0 0.63671875 0.5146484375 0.05859375 0.064453125
 0 0.771484375 0.6064453125 0.328125 0.298828125