
 0 0.4423828125 0.609375 0.232421875 0.30078125
 4 0.3466796875 0.4130859375 0.017578125 0.056640625
 4 0.5107421875 0.4287109375 0.013671875 0.048828125
 1 0.6513671875 0.5322265625 0.009765625 0.068359375
 1 0.666015625 0.533203125 0.015625 0.0703125
 1 0.8232421875 0.5185546875 0.017578125 0.087890625
 1 0.8466796875 0.5185546875 0.021484375 0.095703125
 0 0.94140625 0.51171875 0.109375 0.078125
 1 0.943359375 0.513671875 0.0390625 0.1328125
 1 0.9814453125 0.5126953125 0.029296875 0.126953125