
 1 0.0166015625 0.55078125 0.029296875 0.078125
 0 0.123046875 0.5380859375 0.07421875 0.076171875
 0 0.330078125 0.65234375 0.33203125 0.41796875
 1 0.1748046875 0.53515625 0.021484375 0.08203125
 1 0.1767578125 0.53515625 0.017578125 0.07421875
 4 0.28125 0.2763671875 0.01953125 0.064453125
 4 0.390625 0.2861328125 0.01953125 0.072265625
 1 0.5185546875 0.521484375 0.021484375 0.0625
 1 0.517578125 0.5234375 0.015625 0.05859375
 1 0.529296875 0.5185546875 0.015625 0.064453125
 1 0.53125 0.51953125 0.015625 0.0703125
 4 0.5634765625 0.408203125 0.021484375 0.0625
 1 0.619140625 0.51171875 0.0234375 0.078125
 1 0.6357421875 0.4892578125 0.017578125 0.041015625
 2 0.6591796875 0.52734375 0.025390625 0.08984375
 0 0.7490234375 0.5400390625 0.041015625 0.072265625
 0 0.875 0.5400390625 0.24609375 0.138671875