
 0 0.119140625 0.603515625 0.23828125 0.3046875
 0 0.326171875 0.5419921875 0.03515625 0.080078125
 0 0.330078125 0.5439453125 0.02734375 0.095703125
 0 0.380859375 0.546875 0.12109375 0.16796875
 0 0.576171875 0.50390625 0.03125 0.05078125
 0 0.5966796875 0.5126953125 0.025390625 0.052734375
 0 0.619140625 0.5048828125 0.04296875 0.095703125
 3 0.6298828125 0.5048828125 0.056640625 0.080078125
 0 0.6669921875 0.517578125 0.056640625 0.07421875
 0 0.734375 0.5205078125 0.06640625 0.087890625
 0 0.8173828125 0.5302734375 0.115234375 0.130859375