
 0 0.0498046875 0.5869140625 0.099609375 0.255859375
 0 0.12890625 0.583984375 0.12890625 0.18359375
 0 0.1806640625 0.55859375 0.115234375 0.12890625
 0 0.228515625 0.544921875 0.07421875 0.11328125
 0 0.216796875 0.572265625 0.04296875 0.0859375
 0 0.27734375 0.5185546875 0.08984375 0.083984375
 0 0.2724609375 0.5380859375 0.076171875 0.095703125
 0 0.3291015625 0.544921875 0.021484375 0.0546875
 0 0.3603515625 0.51953125 0.029296875 0.07421875
 0 0.6513671875 0.533203125 0.029296875 0.07421875
 0 0.67578125 0.546875 0.0234375 0.07421875
 0 0.701171875 0.5634765625 0.0234375 0.076171875
 0 0.724609375 0.5556640625 0.03125 0.119140625
 0 0.7958984375 0.5537109375 0.134765625 0.173828125
 0 0.7626953125 0.5615234375 0.056640625 0.166015625
 0 0.845703125 0.583984375 0.12109375 0.16796875
 0 0.830078125 0.5927734375 0.0859375 0.158203125
 0 0.923828125 0.5830078125 0.1484375 0.275390625