
 0 0.1357421875 0.4833984375 0.267578125 0.626953125
 3 0.1298828125 0.484375 0.255859375 0.6171875
 0 0.5 0.62109375 0.32421875 0.4296875
 0 0.361328125 0.49609375 0.046875 0.06640625
 4 0.3515625 0.30078125 0.01953125 0.0703125
 4 0.353515625 0.2841796875 0.015625 0.037109375
 4 0.474609375 0.2412109375 0.01953125 0.068359375
 4 0.646484375 0.365234375 0.01953125 0.04296875
 2 0.6494140625 0.486328125 0.025390625 0.09765625
 0 0.7412109375 0.4833984375 0.138671875 0.107421875
 0 0.7431640625 0.4853515625 0.142578125 0.119140625
 0 0.8623046875 0.58984375 0.271484375 0.34765625
 4 0.9853515625 0.228515625 0.025390625 0.08203125
 4 0.9892578125 0.2041015625 0.021484375 0.041015625