
 4 0.4189453125 0.0634765625 0.025390625 0.111328125
 4 0.2177734375 0.0439453125 0.029296875 0.083984375
 0 0.2109375 0.560546875 0.15234375 0.171875
 0 0.41796875 0.537109375 0.06640625 0.08984375
 0 0.4619140625 0.5234375 0.041015625 0.05859375
 0 0.462890625 0.5244140625 0.03125 0.052734375
 0 0.4833984375 0.5205078125 0.029296875 0.037109375
 0 0.4892578125 0.5244140625 0.021484375 0.037109375
 2 0.5634765625 0.5576171875 0.052734375 0.185546875
 4 0.63671875 0.275390625 0.03515625 0.1171875
 1 0.6796875 0.5087890625 0.02734375 0.080078125
 2 0.685546875 0.5146484375 0.02734375 0.095703125