
 0 0.03125 0.568359375 0.0625 0.16015625
 0 0.8896484375 0.6728515625 0.220703125 0.298828125
 0 0.0712890625 0.501953125 0.134765625 0.08203125
 0 0.0947265625 0.5751953125 0.068359375 0.115234375
 0 0.0966796875 0.5693359375 0.068359375 0.095703125
 0 0.103515625 0.5126953125 0.05859375 0.076171875
 0 0.1533203125 0.5302734375 0.060546875 0.107421875
 0 0.1611328125 0.5380859375 0.048828125 0.111328125
 0 0.1962890625 0.537109375 0.048828125 0.07421875
 0 0.203125 0.53515625 0.04296875 0.05859375
 0 0.2265625 0.5146484375 0.0390625 0.056640625
 0 0.2353515625 0.5166015625 0.029296875 0.068359375
 0 0.2548828125 0.517578125 0.029296875 0.0625
 0 0.2587890625 0.5205078125 0.025390625 0.068359375
 3 0.2734375 0.498046875 0.03125 0.10546875
 3 0.279296875 0.494140625 0.02734375 0.11328125
 3 0.4052734375 0.4697265625 0.076171875 0.162109375
 0 0.4892578125 0.5126953125 0.060546875 0.072265625
 0 0.4951171875 0.513671875 0.068359375 0.0625
 0 0.5517578125 0.517578125 0.064453125 0.1015625
 0 0.6025390625 0.51953125 0.056640625 0.109375
 0 0.640625 0.5947265625 0.1171875 0.130859375
 0 0.6630859375 0.517578125 0.119140625 0.0859375
 0 0.7529296875 0.5634765625 0.123046875 0.201171875
 0 0.8857421875 0.572265625 0.224609375 0.23046875