
 0 0.1220703125 0.5419921875 0.072265625 0.064453125
 2 0.0634765625 0.5517578125 0.048828125 0.072265625
 1 0.0087890625 0.5537109375 0.017578125 0.076171875
 1 0.021484375 0.552734375 0.01953125 0.07421875
 1 0.021484375 0.5546875 0.015625 0.0703125
 0 0.330078125 0.6533203125 0.328125 0.412109375
 4 0.28125 0.275390625 0.01953125 0.0625
 4 0.3896484375 0.287109375 0.017578125 0.0703125
 1 0.4873046875 0.5283203125 0.017578125 0.080078125
 1 0.5380859375 0.533203125 0.025390625 0.08203125
 1 0.5400390625 0.529296875 0.017578125 0.0625
 4 0.5625 0.408203125 0.01953125 0.0625
 1 0.669921875 0.572265625 0.07421875 0.26171875
 0 0.7705078125 0.5244140625 0.154296875 0.099609375
 0 0.97265625 0.533203125 0.046875 0.0703125