
 0 0.197265625 0.490234375 0.05078125 0.05078125
 0 0.255859375 0.4853515625 0.0234375 0.041015625
 0 0.2783203125 0.4794921875 0.025390625 0.048828125
 4 0.505859375 0.4228515625 0.015625 0.037109375
 4 0.5205078125 0.4345703125 0.013671875 0.037109375
 4 0.5224609375 0.4384765625 0.013671875 0.021484375
 4 0.544921875 0.4248046875 0.015625 0.037109375
 4 0.5458984375 0.435546875 0.017578125 0.02734375
 0 0.5556640625 0.4775390625 0.013671875 0.037109375
 0 0.583984375 0.4814453125 0.046875 0.056640625