
 4 0.056640625 0.4013671875 0.01953125 0.048828125
 2 0.1259765625 0.5009765625 0.021484375 0.044921875
 4 0.3798828125 0.3896484375 0.017578125 0.060546875
 0 0.3876953125 0.509765625 0.021484375 0.03515625
 0 0.55859375 0.509765625 0.05859375 0.0703125
 0 0.5576171875 0.5126953125 0.044921875 0.064453125
 0 0.736328125 0.533203125 0.3359375 0.203125
 4 0.654296875 0.38671875 0.01953125 0.0625
 1 0.845703125 0.48828125 0.01953125 0.08203125
 1 0.85546875 0.49609375 0.015625 0.0703125