
 0 0.0361328125 0.6015625 0.064453125 0.12109375
 0 0.0361328125 0.6103515625 0.048828125 0.099609375
 0 0.0908203125 0.60546875 0.056640625 0.0859375
 0 0.1298828125 0.5595703125 0.111328125 0.103515625
 0 0.138671875 0.5478515625 0.08203125 0.072265625
 0 0.1298828125 0.6064453125 0.033203125 0.060546875
 0 0.189453125 0.59375 0.04296875 0.08203125
 0 0.21875 0.5537109375 0.078125 0.056640625
 0 0.19921875 0.5869140625 0.03125 0.076171875
 3 0.3798828125 0.4873046875 0.185546875 0.376953125
 1 0.4833984375 0.56640625 0.029296875 0.09375
 1 0.54296875 0.576171875 0.02734375 0.12890625
 1 0.5595703125 0.5810546875 0.017578125 0.115234375
 1 0.7685546875 0.53515625 0.041015625 0.05078125
 1 0.9853515625 0.5556640625 0.025390625 0.169921875