
 0 0.4365234375 0.494140625 0.017578125 0.01953125
 0 0.126953125 0.55078125 0.1953125 0.18359375
 0 0.2265625 0.517578125 0.03125 0.04296875
 4 0.294921875 0.4501953125 0.01953125 0.056640625
 4 0.2958984375 0.44140625 0.017578125 0.0234375
 0 0.3662109375 0.5107421875 0.037109375 0.056640625
 4 0.36328125 0.32421875 0.015625 0.05859375
 4 0.36328125 0.3369140625 0.015625 0.037109375
 0 0.400390625 0.4990234375 0.03125 0.037109375
 4 0.447265625 0.326171875 0.015625 0.05078125
 4 0.447265625 0.3466796875 0.015625 0.044921875
 4 0.6044921875 0.4052734375 0.017578125 0.052734375
 4 0.6064453125 0.4208984375 0.013671875 0.033203125