
 1 0.060546875 0.5224609375 0.0390625 0.208984375
 0 0.1201171875 0.5087890625 0.048828125 0.087890625
 0 0.3564453125 0.5078125 0.083984375 0.11328125
 0 0.4853515625 0.4755859375 0.029296875 0.041015625
 0 0.529296875 0.509765625 0.09375 0.13671875
 4 0.5263671875 0.337890625 0.017578125 0.046875
 4 0.6005859375 0.4189453125 0.013671875 0.037109375
 4 0.6044921875 0.408203125 0.013671875 0.03515625
 0 0.7001953125 0.486328125 0.029296875 0.0546875
 0 0.759765625 0.4736328125 0.1015625 0.083984375