
 0 0.3359375 0.5185546875 0.03125 0.029296875
 0 0.2958984375 0.5234375 0.044921875 0.04296875
 0 0.2490234375 0.5283203125 0.064453125 0.072265625
 0 0.0947265625 0.546875 0.146484375 0.14453125
 0 0.2109375 0.537109375 0.078125 0.0859375
 4 0.18359375 0.48046875 0.01171875 0.02734375
 4 0.3583984375 0.3984375 0.013671875 0.03515625
 4 0.408203125 0.4052734375 0.015625 0.041015625
 0 0.4228515625 0.5205078125 0.044921875 0.052734375
 0 0.46875 0.515625 0.05859375 0.0390625
 4 0.51171875 0.4248046875 0.015625 0.041015625
 4 0.5146484375 0.42578125 0.017578125 0.04296875
 1 0.75390625 0.46875 0.015625 0.046875
 1 0.783203125 0.4638671875 0.0234375 0.052734375