
 0 0.1513671875 0.5546875 0.056640625 0.0625
 0 0.2119140625 0.5498046875 0.052734375 0.048828125
 0 0.3134765625 0.5302734375 0.025390625 0.041015625
 4 0.37109375 0.50390625 0.015625 0.03515625
 0 0.42578125 0.5439453125 0.0234375 0.037109375
 0 0.4296875 0.5419921875 0.03125 0.033203125
 4 0.4306640625 0.4716796875 0.013671875 0.025390625
 4 0.4580078125 0.5048828125 0.013671875 0.041015625
 0 0.4990234375 0.54296875 0.037109375 0.05078125
 0 0.8857421875 0.509765625 0.107421875 0.0625