
 0 0.52734375 0.52734375 0.0390625 0.04296875
 0 0.0263671875 0.53125 0.052734375 0.1953125
 0 0.037109375 0.5517578125 0.05859375 0.224609375
 0 0.09375 0.580078125 0.12890625 0.171875
 3 0.095703125 0.4775390625 0.1015625 0.076171875
 0 0.2841796875 0.58984375 0.326171875 0.41796875
 4 0.31640625 0.3291015625 0.01953125 0.056640625
 4 0.4140625 0.3251953125 0.01953125 0.048828125
 0 0.45703125 0.525390625 0.07421875 0.09765625
 4 0.4921875 0.3271484375 0.01953125 0.056640625
 0 0.64453125 0.544921875 0.06640625 0.140625
 0 0.8056640625 0.6298828125 0.380859375 0.384765625
 4 0.6787109375 0.4169921875 0.017578125 0.048828125
 0 0.837890625 0.4580078125 0.23046875 0.103515625
 3 0.9306640625 0.4775390625 0.134765625 0.130859375
 4 0.9296875 0.2568359375 0.0546875 0.158203125
 1 0.9482421875 0.5048828125 0.029296875 0.041015625