
 3 0.046875 0.5244140625 0.09375 0.103515625
 3 0.048828125 0.529296875 0.09375 0.10546875
 0 0.111328125 0.5830078125 0.125 0.185546875
 0 0.2978515625 0.6044921875 0.310546875 0.435546875
 4 0.31640625 0.3388671875 0.01953125 0.052734375
 4 0.4130859375 0.3271484375 0.025390625 0.056640625
 4 0.416015625 0.33984375 0.015625 0.0546875
 0 0.4814453125 0.51171875 0.009765625 0.03125
 4 0.4921875 0.3310546875 0.02734375 0.072265625
 4 0.4931640625 0.330078125 0.017578125 0.046875
 0 0.53515625 0.5234375 0.046875 0.05859375
 0 0.6279296875 0.54296875 0.044921875 0.1171875
 0 0.796875 0.62109375 0.37109375 0.3515625
 4 0.6796875 0.4326171875 0.01953125 0.056640625
 0 0.9423828125 0.5205078125 0.080078125 0.060546875
 0 0.943359375 0.51953125 0.078125 0.07421875
 4 0.9375 0.259765625 0.05078125 0.14453125