
 2 0.0302734375 0.5458984375 0.060546875 0.216796875
 2 0.0361328125 0.55078125 0.044921875 0.08984375
 1 0.0419921875 0.5478515625 0.029296875 0.083984375
 1 0.0400390625 0.5498046875 0.021484375 0.072265625
 1 0.0810546875 0.5517578125 0.017578125 0.076171875
 0 0.330078125 0.65234375 0.328125 0.4140625
 4 0.28125 0.275390625 0.01953125 0.0625
 4 0.3896484375 0.287109375 0.017578125 0.0703125
 1 0.5234375 0.5234375 0.01171875 0.0546875
 0 0.5966796875 0.5302734375 0.150390625 0.091796875
 4 0.5625 0.408203125 0.01953125 0.0625
 2 0.6611328125 0.5244140625 0.029296875 0.083984375
 2 0.7783203125 0.5263671875 0.060546875 0.095703125
 2 0.859375 0.521484375 0.06640625 0.09375