
 0 0.0478515625 0.5126953125 0.041015625 0.052734375
 0 0.05859375 0.509765625 0.046875 0.0546875
 0 0.1083984375 0.5126953125 0.083984375 0.083984375
 0 0.1875 0.50390625 0.05078125 0.0546875
 0 0.1962890625 0.50390625 0.052734375 0.0390625
 0 0.2958984375 0.49609375 0.029296875 0.03515625
 0 0.3310546875 0.4951171875 0.033203125 0.044921875
 4 0.3701171875 0.23828125 0.037109375 0.109375
 0 0.494140625 0.5380859375 0.1484375 0.189453125
 4 0.5244140625 0.240234375 0.033203125 0.09375
 0 0.6015625 0.4736328125 0.03125 0.041015625
 0 0.599609375 0.47265625 0.0234375 0.046875
 0 0.7744140625 0.5234375 0.220703125 0.23046875
 4 0.685546875 0.2919921875 0.03125 0.095703125
 4 0.8359375 0.3779296875 0.03125 0.095703125