
 0 0.072265625 0.4794921875 0.14453125 0.154296875
 0 0.0751953125 0.484375 0.150390625 0.15625
 4 0.26171875 0.3203125 0.01953125 0.04296875
 0 0.26953125 0.498046875 0.03515625 0.03125
 4 0.2666015625 0.322265625 0.021484375 0.0546875
 0 0.33203125 0.4912109375 0.109375 0.126953125
 4 0.34765625 0.3154296875 0.01953125 0.044921875
 4 0.3486328125 0.3134765625 0.017578125 0.044921875
 0 0.39453125 0.501953125 0.03515625 0.10546875
 0 0.400390625 0.5 0.0390625 0.07421875
 4 0.4150390625 0.3212890625 0.017578125 0.044921875
 4 0.4169921875 0.3193359375 0.013671875 0.048828125
 0 0.4814453125 0.5 0.068359375 0.09375
 2 0.564453125 0.4951171875 0.0234375 0.091796875
 2 0.5673828125 0.498046875 0.025390625 0.078125
 4 0.5888671875 0.408203125 0.017578125 0.03515625
 0 0.6474609375 0.484375 0.048828125 0.046875
 4 0.6474609375 0.3447265625 0.021484375 0.060546875
 4 0.6455078125 0.3486328125 0.017578125 0.064453125
 0 0.7587890625 0.48828125 0.091796875 0.06640625