
 2 0.03125 0.5517578125 0.0625 0.181640625
 1 0.0634765625 0.548828125 0.021484375 0.07421875
 2 0.1533203125 0.5341796875 0.115234375 0.216796875
 0 0.330078125 0.65234375 0.328125 0.4140625
 4 0.28125 0.275390625 0.01953125 0.0625
 4 0.3896484375 0.287109375 0.017578125 0.0703125
 0 0.5615234375 0.53125 0.134765625 0.08984375
 4 0.5625 0.408203125 0.01953125 0.0625
 2 0.6611328125 0.5244140625 0.029296875 0.083984375
 1 0.7041015625 0.48046875 0.021484375 0.05078125
 2 0.73046875 0.5283203125 0.0625 0.095703125
 1 0.7197265625 0.47265625 0.017578125 0.04296875
 2 0.822265625 0.5234375 0.06640625 0.09375