
 4 0.1318359375 0.3779296875 0.025390625 0.037109375
 4 0.134765625 0.3935546875 0.0234375 0.080078125
 0 0.25390625 0.5185546875 0.03125 0.052734375
 0 0.291015625 0.53125 0.03125 0.04296875
 0 0.306640625 0.529296875 0.02734375 0.0390625
 0 0.318359375 0.5302734375 0.03125 0.037109375
 0 0.3916015625 0.53515625 0.048828125 0.05078125
 0 0.390625 0.533203125 0.0390625 0.03515625
 4 0.4111328125 0.2548828125 0.025390625 0.072265625
 4 0.4091796875 0.2412109375 0.017578125 0.041015625
 0 0.443359375 0.5302734375 0.04296875 0.044921875
 4 0.587890625 0.3701171875 0.0234375 0.041015625
 4 0.5908203125 0.388671875 0.021484375 0.07421875