
 1 0.5126953125 0.5263671875 0.017578125 0.052734375
 1 0.4931640625 0.5263671875 0.009765625 0.048828125
 1 0.466796875 0.533203125 0.01171875 0.0390625
 1 0.4619140625 0.5244140625 0.009765625 0.048828125
 0 0.111328125 0.5888671875 0.21875 0.224609375
 0 0.2197265625 0.529296875 0.048828125 0.05078125
 0 0.2216796875 0.5302734375 0.052734375 0.056640625
 0 0.28125 0.51953125 0.05078125 0.0625
 0 0.2841796875 0.525390625 0.044921875 0.0546875
 1 0.447265625 0.51953125 0.015625 0.05859375
 1 0.62890625 0.521484375 0.01953125 0.1015625
 1 0.654296875 0.51171875 0.0234375 0.09375
 1 0.65625 0.5185546875 0.01953125 0.107421875