
 0 0.0458984375 0.5546875 0.091796875 0.109375
 0 0.181640625 0.5234375 0.10546875 0.08984375
 0 0.1865234375 0.5283203125 0.076171875 0.064453125
 0 0.359375 0.490234375 0.03515625 0.046875
 0 0.3828125 0.4912109375 0.01171875 0.037109375
 0 0.396484375 0.4873046875 0.01953125 0.033203125
 0 0.4189453125 0.486328125 0.021484375 0.03125
 0 0.45703125 0.4853515625 0.0234375 0.037109375
 0 0.5185546875 0.474609375 0.029296875 0.0234375
 0 0.5546875 0.48828125 0.01953125 0.05078125
 0 0.58203125 0.4970703125 0.05078125 0.052734375
 0 0.58203125 0.5 0.04296875 0.05859375