
 0 0.0576171875 0.544921875 0.052734375 0.04296875
 0 0.171875 0.5478515625 0.078125 0.083984375
 0 0.1748046875 0.5478515625 0.076171875 0.083984375
 0 0.2548828125 0.546875 0.080078125 0.10546875
 0 0.3994140625 0.58203125 0.099609375 0.171875
 4 0.365234375 0.2197265625 0.02734375 0.076171875
 4 0.5166015625 0.2587890625 0.025390625 0.076171875
 0 0.548828125 0.544921875 0.07421875 0.171875
 0 0.63671875 0.55859375 0.16015625 0.2109375
 4 0.6484375 0.2978515625 0.03125 0.076171875
 4 0.6474609375 0.2900390625 0.021484375 0.068359375
 0 0.8818359375 0.6611328125 0.228515625 0.576171875
 4 0.802734375 0.4033203125 0.0234375 0.048828125