
 0 0.0166015625 0.60546875 0.033203125 0.13671875
 0 0.0791015625 0.587890625 0.095703125 0.15234375
 0 0.287109375 0.609375 0.296875 0.4296875
 0 0.4462890625 0.56640625 0.033203125 0.12890625
 0 0.4736328125 0.51953125 0.041015625 0.05859375
 0 0.47265625 0.51953125 0.03125 0.0703125
 4 0.513671875 0.447265625 0.01171875 0.03515625
 0 0.544921875 0.55859375 0.03125 0.140625
 0 0.6416015625 0.5615234375 0.173828125 0.193359375
 1 0.9521484375 0.5068359375 0.076171875 0.248046875
 1 0.955078125 0.5068359375 0.06640625 0.248046875