
 0 0.943359375 0.5380859375 0.109375 0.158203125
 4 0.0576171875 0.3984375 0.017578125 0.046875
 2 0.125 0.4970703125 0.04296875 0.052734375
 2 0.1259765625 0.513671875 0.025390625 0.07421875
 0 0.3427734375 0.5185546875 0.111328125 0.115234375
 4 0.3798828125 0.390625 0.017578125 0.0625
 4 0.380859375 0.37109375 0.015625 0.046875
 0 0.4111328125 0.5078125 0.029296875 0.04296875
 0 0.4091796875 0.51171875 0.021484375 0.03515625
 0 0.4521484375 0.505859375 0.033203125 0.03125
 0 0.5634765625 0.515625 0.037109375 0.06640625
 4 0.6552734375 0.3876953125 0.017578125 0.060546875
 1 0.703125 0.50390625 0.015625 0.0703125