
 1 0.7548828125 0.4736328125 0.025390625 0.126953125
 3 0.072265625 0.5 0.14453125 0.21484375
 3 0.2080078125 0.4677734375 0.162109375 0.263671875
 0 0.3544921875 0.51171875 0.056640625 0.078125
 2 0.396484375 0.5087890625 0.02734375 0.091796875
 1 0.662109375 0.4794921875 0.03125 0.103515625
 1 0.662109375 0.466796875 0.02734375 0.078125
 1 0.689453125 0.474609375 0.03515625 0.10546875
 1 0.6884765625 0.4833984375 0.029296875 0.111328125
 1 0.7294921875 0.4736328125 0.029296875 0.115234375
 1 0.7998046875 0.4599609375 0.037109375 0.162109375