
 1 0.84375 0.486328125 0.0234375 0.11328125
 0 0.052734375 0.55078125 0.10546875 0.09375
 0 0.10546875 0.5302734375 0.04296875 0.087890625
 0 0.1416015625 0.53125 0.044921875 0.0546875
 0 0.142578125 0.529296875 0.04296875 0.0546875
 0 0.244140625 0.515625 0.04296875 0.05859375
 0 0.3876953125 0.6171875 0.294921875 0.39453125
 0 0.53125 0.5146484375 0.0859375 0.083984375
 1 0.771484375 0.4658203125 0.01953125 0.041015625
 1 0.791015625 0.501953125 0.03515625 0.0390625
 1 0.7998046875 0.48046875 0.021484375 0.0390625
 1 0.8154296875 0.4990234375 0.017578125 0.037109375
 1 0.830078125 0.521484375 0.01953125 0.05859375
 0 0.9404296875 0.5341796875 0.119140625 0.146484375