
 1 0.3935546875 0.513671875 0.017578125 0.04296875
 1 0.8251953125 0.498046875 0.021484375 0.14453125
 1 0.8623046875 0.5029296875 0.029296875 0.154296875
 0 0.158203125 0.552734375 0.09765625 0.09765625
 0 0.1552734375 0.548828125 0.083984375 0.09765625
 0 0.216796875 0.529296875 0.02734375 0.02734375
 0 0.2607421875 0.5302734375 0.044921875 0.052734375
 3 0.421875 0.5078125 0.0234375 0.03125
 1 0.7490234375 0.498046875 0.017578125 0.1015625
 1 0.7529296875 0.501953125 0.017578125 0.09765625
 1 0.7734375 0.4814453125 0.02734375 0.103515625
 1 0.7724609375 0.490234375 0.021484375 0.10546875
 1 0.8017578125 0.4873046875 0.021484375 0.126953125
 1 0.802734375 0.4951171875 0.0234375 0.130859375