
 1 0.03125 0.6142578125 0.0546875 0.353515625
 1 0.0986328125 0.59375 0.060546875 0.31640625
 0 0.16796875 0.57421875 0.1328125 0.15625
 0 0.25 0.5546875 0.04296875 0.05859375
 0 0.296875 0.55078125 0.0703125 0.0859375
 3 0.3564453125 0.5263671875 0.029296875 0.056640625
 0 0.3740234375 0.5439453125 0.025390625 0.041015625
 3 0.4228515625 0.541015625 0.087890625 0.12890625
 0 0.421875 0.5458984375 0.08203125 0.146484375
 0 0.4755859375 0.5341796875 0.037109375 0.056640625
 0 0.5322265625 0.5625 0.072265625 0.08984375
 0 0.9072265625 0.5439453125 0.119140625 0.091796875