
 0 0.1845703125 0.630859375 0.369140625 0.625
 0 0.400390625 0.58203125 0.12890625 0.22265625
 4 0.3466796875 0.4345703125 0.017578125 0.060546875
 4 0.474609375 0.35546875 0.015625 0.05078125
 0 0.51171875 0.537109375 0.03125 0.0390625
 4 0.5244140625 0.4287109375 0.017578125 0.052734375
 0 0.626953125 0.54296875 0.15625 0.08984375
 4 0.7060546875 0.318359375 0.041015625 0.12109375
 0 0.90234375 0.533203125 0.109375 0.109375
 0 0.869140625 0.5546875 0.04296875 0.0703125
 0 0.9404296875 0.5439453125 0.107421875 0.111328125
 0 0.9267578125 0.55078125 0.064453125 0.0859375
 0 0.9736328125 0.53515625 0.048828125 0.10546875