
 0 0.03515625 0.5205078125 0.06640625 0.029296875
 3 0.1357421875 0.4921875 0.166015625 0.078125
 0 0.142578125 0.5322265625 0.078125 0.037109375
 0 0.28125 0.525390625 0.03125 0.03515625
 0 0.2861328125 0.5224609375 0.041015625 0.037109375
 0 0.3232421875 0.51171875 0.021484375 0.02734375
 0 0.345703125 0.5341796875 0.04296875 0.064453125
 0 0.3447265625 0.533203125 0.033203125 0.05859375
 0 0.4375 0.587890625 0.19140625 0.25
 4 0.4267578125 0.39453125 0.017578125 0.0390625
 4 0.42578125 0.388671875 0.01171875 0.02734375
 0 0.5107421875 0.5126953125 0.033203125 0.091796875
 0 0.5302734375 0.53515625 0.013671875 0.046875
 1 0.7685546875 0.5322265625 0.041015625 0.189453125