
 0 0.2919921875 0.5 0.048828125 0.05859375
 0 0.3779296875 0.494140625 0.037109375 0.046875
 0 0.400390625 0.48828125 0.03125 0.05859375
 0 0.4326171875 0.484375 0.064453125 0.078125
 4 0.4462890625 0.3447265625 0.013671875 0.037109375
 4 0.5126953125 0.3447265625 0.013671875 0.029296875
 0 0.56640625 0.484375 0.02734375 0.04296875
 4 0.669921875 0.4189453125 0.0234375 0.037109375
 4 0.75390625 0.3759765625 0.015625 0.037109375
 0 0.8046875 0.4931640625 0.1171875 0.083984375
 0 0.8857421875 0.4716796875 0.068359375 0.087890625