
 3 0.0498046875 0.431640625 0.099609375 0.171875
 3 0.044921875 0.443359375 0.08984375 0.17578125
 0 0.05078125 0.53515625 0.1015625 0.19140625
 0 0.1982421875 0.52734375 0.197265625 0.20703125
 4 0.25390625 0.3349609375 0.01953125 0.048828125
 0 0.482421875 0.6552734375 0.3828125 0.478515625
 4 0.30859375 0.337890625 0.01953125 0.05078125
 4 0.3916015625 0.333984375 0.017578125 0.046875
 4 0.447265625 0.3408203125 0.01953125 0.048828125
 4 0.5732421875 0.4052734375 0.017578125 0.044921875
 0 0.8349609375 0.4794921875 0.130859375 0.072265625