
 0 0.2578125 0.52734375 0.0390625 0.04296875
 0 0.2626953125 0.52734375 0.044921875 0.0625
 0 0.306640625 0.521484375 0.03515625 0.0546875
 0 0.3564453125 0.5263671875 0.060546875 0.083984375
 0 0.4072265625 0.5234375 0.025390625 0.0546875
 0 0.453125 0.5546875 0.10546875 0.12890625
 0 0.455078125 0.458984375 0.08203125 0.078125
 3 0.4541015625 0.4697265625 0.072265625 0.095703125
 4 0.46875 0.3994140625 0.0234375 0.044921875
 0 0.5009765625 0.517578125 0.041015625 0.06640625
 4 0.5537109375 0.4365234375 0.021484375 0.048828125
 0 0.6806640625 0.5224609375 0.064453125 0.056640625