
 1 0.115234375 0.521484375 0.0078125 0.04296875
 1 0.103515625 0.5244140625 0.01171875 0.048828125
 0 0.0380859375 0.6259765625 0.076171875 0.435546875
 1 0.14453125 0.517578125 0.01953125 0.06640625
 1 0.1669921875 0.5166015625 0.021484375 0.068359375
 0 0.2568359375 0.5029296875 0.146484375 0.169921875
 3 0.2587890625 0.5029296875 0.130859375 0.142578125
 0 0.384765625 0.5283203125 0.08984375 0.095703125
 0 0.4404296875 0.51171875 0.044921875 0.0625
 0 0.44140625 0.513671875 0.0390625 0.0703125
 0 0.505859375 0.509765625 0.0625 0.078125
 0 0.6103515625 0.5234375 0.060546875 0.1015625