
 0 0.1103515625 0.58203125 0.220703125 0.40234375
 4 0.21875 0.2236328125 0.03515625 0.087890625
 0 0.2822265625 0.548828125 0.017578125 0.0234375
 0 0.298828125 0.5439453125 0.01953125 0.021484375
 0 0.3310546875 0.537109375 0.041015625 0.0625
 4 0.3759765625 0.22265625 0.033203125 0.08984375
 0 0.39453125 0.5361328125 0.0390625 0.076171875
 0 0.3935546875 0.5380859375 0.033203125 0.064453125
 0 0.4423828125 0.544921875 0.091796875 0.125
 4 0.501953125 0.224609375 0.03125 0.08984375
 0 0.51953125 0.5205078125 0.05078125 0.083984375
 0 0.5205078125 0.515625 0.037109375 0.0546875
 0 0.6318359375 0.556640625 0.087890625 0.1015625
 0 0.802734375 0.619140625 0.328125 0.3125
 4 0.8037109375 0.3759765625 0.033203125 0.091796875
 4 0.802734375 0.3779296875 0.01953125 0.072265625