
 0 0.1328125 0.5087890625 0.03125 0.029296875
 0 0.1572265625 0.521484375 0.041015625 0.03125
 0 0.1640625 0.5078125 0.04296875 0.02734375
 0 0.181640625 0.5400390625 0.05859375 0.044921875
 0 0.1787109375 0.5390625 0.052734375 0.05859375
 0 0.234375 0.513671875 0.0546875 0.09765625
 3 0.234375 0.509765625 0.04296875 0.07421875
 0 0.30078125 0.5361328125 0.0625 0.080078125
 0 0.3447265625 0.51171875 0.025390625 0.03125
 0 0.3818359375 0.51171875 0.029296875 0.03515625
 4 0.3896484375 0.4306640625 0.013671875 0.037109375
 4 0.423828125 0.4287109375 0.01953125 0.029296875
 4 0.4755859375 0.4677734375 0.013671875 0.033203125
 4 0.4921875 0.4619140625 0.01171875 0.029296875