
 1 0.0380859375 0.546875 0.017578125 0.08984375
 0 0.12109375 0.552734375 0.16015625 0.109375
 None 0.1103515625 0.39453125 0.025390625 0.0703125
 0 0.291015625 0.53515625 0.10546875 0.13671875
 0 0.4013671875 0.599609375 0.193359375 0.23046875
 None 0.509765625 0.3671875 0.0234375 0.078125
 1 0.5634765625 0.5166015625 0.025390625 0.091796875
 1 0.58984375 0.5126953125 0.0234375 0.080078125
 1 0.58984375 0.49609375 0.01953125 0.0546875
 1 0.6142578125 0.5146484375 0.025390625 0.091796875
 1 0.6142578125 0.5126953125 0.021484375 0.099609375
 1 0.623046875 0.537109375 0.01953125 0.05859375
 1 0.6328125 0.515625 0.03125 0.10546875
 1 0.634765625 0.521484375 0.02734375 0.10546875
 1 0.7275390625 0.564453125 0.076171875 0.37109375
 0 0.8818359375 0.51953125 0.232421875 0.17578125
 1 0.7998046875 0.55078125 0.037109375 0.265625
 1 0.822265625 0.537109375 0.0390625 0.28125
 1 0.8564453125 0.52734375 0.060546875 0.27734375
 1 0.8623046875 0.5380859375 0.048828125 0.291015625