
 3 0.05859375 0.474609375 0.1171875 0.18359375
 0 0.1162109375 0.5673828125 0.107421875 0.115234375
 3 0.1787109375 0.509765625 0.138671875 0.171875
 0 0.185546875 0.486328125 0.1328125 0.10546875
 0 0.2421875 0.5478515625 0.06640625 0.107421875
 0 0.3349609375 0.58984375 0.189453125 0.234375
 0 0.3955078125 0.5087890625 0.123046875 0.185546875
 3 0.4111328125 0.5263671875 0.103515625 0.166015625
 0 0.5126953125 0.5341796875 0.060546875 0.080078125
 0 0.5849609375 0.5341796875 0.103515625 0.142578125
 0 0.66015625 0.5634765625 0.16796875 0.162109375
 0 0.7529296875 0.48046875 0.095703125 0.18359375
 3 0.76171875 0.5 0.1015625 0.1796875