
 0 0.1767578125 0.5380859375 0.103515625 0.115234375
 0 0.2421875 0.5458984375 0.03515625 0.037109375
 0 0.26171875 0.5341796875 0.03515625 0.048828125
 0 0.330078125 0.53125 0.04296875 0.04296875
 0 0.4208984375 0.54296875 0.068359375 0.08984375
 4 0.40625 0.4443359375 0.015625 0.033203125
 4 0.4052734375 0.44140625 0.009765625 0.02734375
 4 0.443359375 0.4404296875 0.01171875 0.025390625
 4 0.4453125 0.4384765625 0.01171875 0.033203125
 0 0.4833984375 0.5263671875 0.029296875 0.037109375
 0 0.6513671875 0.552734375 0.126953125 0.1328125