
 0 0.1767578125 0.48046875 0.091796875 0.10546875
 0 0.1845703125 0.474609375 0.095703125 0.1015625
 0 0.2763671875 0.4921875 0.134765625 0.15234375
 4 0.279296875 0.34765625 0.01953125 0.04296875
 4 0.2822265625 0.3515625 0.021484375 0.0546875
 0 0.3515625 0.5 0.03515625 0.10546875
 0 0.3564453125 0.4990234375 0.041015625 0.091796875
 4 0.34765625 0.337890625 0.015625 0.03515625
 4 0.3486328125 0.345703125 0.017578125 0.04296875
 4 0.4013671875 0.3466796875 0.017578125 0.044921875
 4 0.4033203125 0.3447265625 0.013671875 0.037109375
 0 0.4501953125 0.498046875 0.076171875 0.10546875
 2 0.533203125 0.494140625 0.0234375 0.078125
 2 0.5341796875 0.494140625 0.025390625 0.07421875
 4 0.5400390625 0.4169921875 0.013671875 0.029296875
 4 0.57421875 0.3857421875 0.01953125 0.064453125
 4 0.572265625 0.390625 0.015625 0.046875
 0 0.8740234375 0.4658203125 0.048828125 0.041015625
 0 0.8818359375 0.45703125 0.041015625 0.0625
 0 0.92578125 0.45703125 0.05859375 0.05078125