
 0 0.181640625 0.6162109375 0.36328125 0.607421875
 4 0.3466796875 0.41015625 0.021484375 0.0390625
 4 0.3466796875 0.431640625 0.017578125 0.0703125
 0 0.4111328125 0.59375 0.095703125 0.2421875
 4 0.4755859375 0.3525390625 0.025390625 0.060546875
 4 0.474609375 0.353515625 0.015625 0.046875
 0 0.509765625 0.5361328125 0.0546875 0.060546875
 0 0.51171875 0.537109375 0.03125 0.0390625
 4 0.5263671875 0.431640625 0.017578125 0.0546875
 1 0.5625 0.5341796875 0.015625 0.072265625
 1 0.5712890625 0.5390625 0.013671875 0.0859375
 1 0.5693359375 0.533203125 0.009765625 0.06640625
 4 0.7060546875 0.310546875 0.033203125 0.109375
 0 0.869140625 0.5546875 0.04296875 0.0703125
 0 0.9267578125 0.55078125 0.064453125 0.0859375
 0 0.9755859375 0.5361328125 0.044921875 0.115234375