
 0 0.0595703125 0.5400390625 0.119140625 0.193359375
 0 0.1591796875 0.48828125 0.095703125 0.0625
 0 0.1591796875 0.48828125 0.080078125 0.0703125
 0 0.2216796875 0.5166015625 0.107421875 0.111328125
 0 0.2255859375 0.5107421875 0.087890625 0.095703125
 0 0.2861328125 0.5146484375 0.056640625 0.083984375
 0 0.291015625 0.5126953125 0.046875 0.083984375
 0 0.3310546875 0.5029296875 0.064453125 0.080078125
 0 0.33203125 0.501953125 0.05859375 0.078125
 0 0.501953125 0.494140625 0.0546875 0.0859375
 0 0.8154296875 0.498046875 0.126953125 0.078125
 0 0.826171875 0.4853515625 0.09375 0.048828125
 0 0.9365234375 0.4970703125 0.119140625 0.087890625