
 1 0.111328125 0.5078125 0.0234375 0.046875
 1 0.111328125 0.5146484375 0.0234375 0.052734375
 1 0.19921875 0.5947265625 0.0703125 0.294921875
 1 0.2275390625 0.572265625 0.044921875 0.24609375
 2 0.279296875 0.517578125 0.02734375 0.0703125
 1 0.3076171875 0.56640625 0.076171875 0.296875
 0 0.400390625 0.5546875 0.16796875 0.171875
 1 0.4052734375 0.58203125 0.060546875 0.2421875
 0 0.5615234375 0.49609375 0.134765625 0.09375
 0 0.6201171875 0.5029296875 0.099609375 0.076171875
 0 0.662109375 0.490234375 0.10546875 0.078125