
 0 0.0439453125 0.5263671875 0.052734375 0.029296875
 0 0.1787109375 0.517578125 0.060546875 0.04296875
 0 0.2216796875 0.5087890625 0.033203125 0.048828125
 0 0.271484375 0.5087890625 0.03125 0.037109375
 0 0.2705078125 0.5087890625 0.025390625 0.033203125
 0 0.29296875 0.51171875 0.02734375 0.03515625
 0 0.4169921875 0.4970703125 0.044921875 0.060546875
 0 0.4931640625 0.5458984375 0.126953125 0.169921875
 4 0.4248046875 0.4189453125 0.017578125 0.033203125
 4 0.4560546875 0.416015625 0.013671875 0.03125