
 1 0.0458984375 0.546875 0.017578125 0.1015625
 1 0.060546875 0.568359375 0.015625 0.0546875
 1 0.076171875 0.5439453125 0.0234375 0.115234375
 1 0.0810546875 0.5419921875 0.017578125 0.111328125
 0 0.126953125 0.5556640625 0.078125 0.080078125
 0 0.2275390625 0.544921875 0.083984375 0.09375
 0 0.283203125 0.529296875 0.03125 0.06640625
 0 0.3095703125 0.5185546875 0.029296875 0.064453125
 0 0.376953125 0.5224609375 0.09375 0.095703125
 0 0.435546875 0.521484375 0.046875 0.0546875
 1 0.5283203125 0.4951171875 0.013671875 0.080078125
 4 0.58203125 0.3134765625 0.02734375 0.095703125
 1 0.9853515625 0.4794921875 0.025390625 0.158203125