
 0 0.1396484375 0.537109375 0.033203125 0.05078125
 0 0.111328125 0.541015625 0.03515625 0.05078125
 0 0.0791015625 0.544921875 0.048828125 0.046875
 0 0.029296875 0.552734375 0.05859375 0.0546875
 0 0.1650390625 0.53515625 0.029296875 0.0546875
 0 0.1650390625 0.533203125 0.029296875 0.046875
 0 0.2177734375 0.5380859375 0.072265625 0.083984375
 0 0.21875 0.5380859375 0.07421875 0.068359375
 0 0.3369140625 0.525390625 0.044921875 0.03515625
 0 0.3974609375 0.5205078125 0.037109375 0.056640625
 0 0.435546875 0.5185546875 0.03125 0.056640625
 0 0.486328125 0.5185546875 0.04296875 0.052734375
 0 0.537109375 0.5390625 0.09375 0.12109375
 0 0.60546875 0.5107421875 0.0546875 0.087890625
 3 0.6044921875 0.509765625 0.052734375 0.078125
 0 0.716796875 0.5556640625 0.1171875 0.119140625