
 0 0.06640625 0.4931640625 0.10546875 0.107421875
 0 0.072265625 0.4951171875 0.109375 0.087890625
 4 0.177734375 0.4150390625 0.0234375 0.056640625
 0 0.3876953125 0.4873046875 0.080078125 0.123046875
 4 0.412109375 0.3701171875 0.015625 0.037109375
 0 0.44921875 0.4853515625 0.0390625 0.064453125
 0 0.447265625 0.4853515625 0.02734375 0.041015625
 0 0.5029296875 0.509765625 0.080078125 0.1015625
 4 0.4892578125 0.333984375 0.013671875 0.05078125
 0 0.59375 0.505859375 0.046875 0.08984375
 0 0.60546875 0.5068359375 0.0625 0.083984375
 4 0.5966796875 0.4140625 0.013671875 0.04296875
 0 0.67578125 0.515625 0.125 0.125
 4 0.6953125 0.37890625 0.0234375 0.04296875
 4 0.697265625 0.388671875 0.0234375 0.05859375
 0 0.7421875 0.5068359375 0.0390625 0.048828125
 0 0.7412109375 0.4658203125 0.037109375 0.033203125
 1 0.794921875 0.494140625 0.03125 0.08984375
 1 0.7978515625 0.4990234375 0.029296875 0.080078125
 0 0.8916015625 0.5654296875 0.208984375 0.451171875