
 3 0.0888671875 0.3828125 0.177734375 0.3203125
 0 0.0283203125 0.515625 0.056640625 0.2421875
 0 0.234375 0.48046875 0.140625 0.19921875
 0 0.326171875 0.4931640625 0.0546875 0.083984375
 4 0.3388671875 0.3681640625 0.017578125 0.033203125
 4 0.3427734375 0.3671875 0.013671875 0.03515625
 0 0.3603515625 0.5009765625 0.021484375 0.044921875
 0 0.3994140625 0.498046875 0.087890625 0.10546875
 4 0.3818359375 0.3681640625 0.013671875 0.025390625
 4 0.3857421875 0.3671875 0.013671875 0.02734375
 4 0.4453125 0.3623046875 0.015625 0.037109375
 4 0.4443359375 0.3662109375 0.013671875 0.029296875
 0 0.521484375 0.5048828125 0.08984375 0.115234375
 4 0.490234375 0.3642578125 0.01953125 0.037109375
 4 0.490234375 0.36328125 0.015625 0.02734375
 0 0.5869140625 0.484375 0.083984375 0.06640625
 0 0.587890625 0.4833984375 0.078125 0.064453125
 4 0.5830078125 0.4052734375 0.013671875 0.025390625
 0 0.6474609375 0.47265625 0.060546875 0.0625
 0 0.708984375 0.470703125 0.0390625 0.0546875
 0 0.716796875 0.4716796875 0.0546875 0.041015625
 4 0.7939453125 0.3232421875 0.021484375 0.037109375