
 0 0.0166015625 0.5380859375 0.025390625 0.048828125
 0 0.080078125 0.5390625 0.07421875 0.0703125
 4 0.0595703125 0.4580078125 0.021484375 0.041015625
 4 0.060546875 0.4658203125 0.015625 0.048828125
 0 0.1318359375 0.5244140625 0.052734375 0.076171875
 0 0.1328125 0.525390625 0.04296875 0.05859375
 0 0.1787109375 0.5302734375 0.025390625 0.037109375
 0 0.21484375 0.5185546875 0.046875 0.052734375
 4 0.2109375 0.3671875 0.01953125 0.0546875
 0 0.2509765625 0.521484375 0.021484375 0.04296875
 0 0.2578125 0.5263671875 0.015625 0.048828125
 0 0.27734375 0.521484375 0.046875 0.0703125
 0 0.275390625 0.5234375 0.04296875 0.05078125
 4 0.2890625 0.37109375 0.01953125 0.05078125
 0 0.3046875 0.51953125 0.0234375 0.0625
 0 0.326171875 0.5166015625 0.05078125 0.068359375
 0 0.330078125 0.51171875 0.05078125 0.06640625
 0 0.44921875 0.5400390625 0.15234375 0.216796875
 4 0.384765625 0.447265625 0.015625 0.046875
 4 0.38671875 0.4521484375 0.015625 0.029296875
 0 0.5859375 0.5556640625 0.1171875 0.099609375
 0 0.6025390625 0.490234375 0.103515625 0.05859375
 0 0.6025390625 0.48828125 0.083984375 0.046875
 4 0.6064453125 0.4013671875 0.033203125 0.060546875
 4 0.6123046875 0.3740234375 0.025390625 0.083984375
 0 0.701171875 0.55859375 0.1875 0.12890625