
 0 0.0908203125 0.6474609375 0.181640625 0.205078125
 0 0.2138671875 0.60546875 0.064453125 0.16015625
 0 0.251953125 0.5859375 0.01953125 0.0703125
 0 0.2705078125 0.5908203125 0.029296875 0.052734375
 0 0.2919921875 0.583984375 0.017578125 0.0390625
 0 0.3154296875 0.5751953125 0.021484375 0.037109375
 0 0.365234375 0.5732421875 0.03515625 0.044921875
 0 0.3642578125 0.5673828125 0.033203125 0.041015625
 0 0.44921875 0.5654296875 0.02734375 0.072265625
 0 0.533203125 0.6015625 0.1171875 0.15625