
 0 0.0732421875 0.5458984375 0.068359375 0.064453125
 0 0.12890625 0.54296875 0.046875 0.05078125
 0 0.2158203125 0.53515625 0.029296875 0.05859375
 0 0.2744140625 0.5361328125 0.111328125 0.138671875
 0 0.3837890625 0.5302734375 0.037109375 0.060546875
 0 0.43359375 0.5244140625 0.046875 0.056640625
 0 0.47265625 0.5185546875 0.04296875 0.072265625
 0 0.4716796875 0.515625 0.029296875 0.046875
 0 0.5537109375 0.556640625 0.123046875 0.1484375
 1 0.685546875 0.5380859375 0.0234375 0.095703125
 1 0.685546875 0.5341796875 0.01171875 0.080078125
 1 0.7001953125 0.5283203125 0.017578125 0.115234375
 1 0.69921875 0.5341796875 0.015625 0.103515625
 3 0.7451171875 0.5244140625 0.083984375 0.052734375
 0 0.830078125 0.5341796875 0.12109375 0.080078125