
 0 0.9443359375 0.56640625 0.111328125 0.75
 0 0.1015625 0.5556640625 0.1796875 0.150390625
 0 0.2333984375 0.5400390625 0.107421875 0.126953125
 0 0.23828125 0.5322265625 0.09765625 0.107421875
 0 0.3203125 0.53125 0.0703125 0.10546875
 0 0.3251953125 0.5302734375 0.076171875 0.095703125
 0 0.3837890625 0.53125 0.056640625 0.07421875
 0 0.388671875 0.5341796875 0.05078125 0.080078125
 0 0.515625 0.494140625 0.0390625 0.046875
 0 0.5537109375 0.498046875 0.041015625 0.046875
 0 0.7568359375 0.5390625 0.142578125 0.1953125