
 0 0.0537109375 0.5947265625 0.107421875 0.130859375
 0 0.12890625 0.5673828125 0.06640625 0.115234375
 0 0.1748046875 0.5546875 0.044921875 0.06640625
 0 0.17578125 0.5615234375 0.03515625 0.083984375
 0 0.236328125 0.5341796875 0.05078125 0.044921875
 0 0.3369140625 0.5625 0.154296875 0.23046875
 0 0.435546875 0.51953125 0.03515625 0.05078125
 0 0.4384765625 0.5234375 0.029296875 0.05859375
 0 0.5537109375 0.5478515625 0.107421875 0.115234375
 1 0.751953125 0.533203125 0.046875 0.1484375
 1 0.7529296875 0.5380859375 0.044921875 0.169921875
 1 0.826171875 0.5126953125 0.03125 0.169921875
 1 0.828125 0.521484375 0.02734375 0.1796875