
 1 0.7119140625 0.48828125 0.009765625 0.046875
 1 0.6982421875 0.48828125 0.009765625 0.04296875
 1 0.69140625 0.48828125 0.0078125 0.0390625
 1 0.6826171875 0.4892578125 0.005859375 0.041015625
 1 0.19921875 0.5078125 0.015625 0.0625
 0 0.6318359375 0.5029296875 0.052734375 0.060546875
 4 0.173828125 0.423828125 0.01953125 0.0546875
 4 0.177734375 0.4228515625 0.015625 0.044921875
 0 0.3310546875 0.5068359375 0.189453125 0.126953125
 1 0.310546875 0.53125 0.0859375 0.25390625
 1 0.3896484375 0.53125 0.060546875 0.22265625
 3 0.4072265625 0.455078125 0.072265625 0.12109375
 1 0.435546875 0.5244140625 0.05859375 0.259765625
 1 0.466796875 0.4951171875 0.015625 0.076171875
 1 0.482421875 0.4912109375 0.01953125 0.076171875
 1 0.5048828125 0.4951171875 0.021484375 0.068359375
 1 0.5185546875 0.4951171875 0.017578125 0.068359375
 4 0.5185546875 0.318359375 0.017578125 0.0546875
 1 0.529296875 0.501953125 0.01953125 0.078125
 4 0.5849609375 0.3251953125 0.017578125 0.056640625
 4 0.70703125 0.4091796875 0.01953125 0.060546875
 0 0.7890625 0.50390625 0.11328125 0.06640625
 1 0.8173828125 0.5517578125 0.099609375 0.248046875