
 0 0.0146484375 0.5732421875 0.029296875 0.095703125
 0 0.2744140625 0.5302734375 0.060546875 0.033203125
 0 0.3466796875 0.5341796875 0.056640625 0.064453125
 3 0.36328125 0.490234375 0.06640625 0.09765625
 0 0.4375 0.5107421875 0.05078125 0.072265625
 4 0.4580078125 0.4091796875 0.013671875 0.033203125
 3 0.509765625 0.484375 0.0703125 0.12109375
 0 0.556640625 0.52734375 0.08203125 0.08984375
 4 0.5625 0.45703125 0.01171875 0.02734375
 0 0.814453125 0.5322265625 0.3671875 0.333984375