
 2 0.6064453125 0.5126953125 0.017578125 0.060546875
 0 0.0986328125 0.5556640625 0.146484375 0.123046875
 4 0.048828125 0.46484375 0.01171875 0.03125
 4 0.3212890625 0.337890625 0.017578125 0.04296875
 4 0.3203125 0.33203125 0.01171875 0.03515625
 0 0.40625 0.541015625 0.09765625 0.1171875
 4 0.4033203125 0.3427734375 0.017578125 0.041015625
 4 0.5244140625 0.431640625 0.013671875 0.0390625
 1 0.52734375 0.509765625 0.015625 0.05859375
 4 0.6298828125 0.3017578125 0.029296875 0.103515625
 4 0.62890625 0.302734375 0.01953125 0.0859375
 2 0.6669921875 0.5087890625 0.037109375 0.060546875
 0 0.7109375 0.505859375 0.06640625 0.0546875
 1 0.751953125 0.5078125 0.0234375 0.08203125
 1 0.7529296875 0.50390625 0.021484375 0.0703125