
 0 0.1875 0.615234375 0.375 0.53515625
 4 0.3466796875 0.41015625 0.021484375 0.0390625
 4 0.3486328125 0.427734375 0.017578125 0.0703125
 0 0.4140625 0.57421875 0.09765625 0.21484375
 4 0.4716796875 0.3525390625 0.025390625 0.060546875
 4 0.47265625 0.349609375 0.015625 0.046875
 0 0.5029296875 0.52734375 0.052734375 0.0625
 0 0.5068359375 0.52734375 0.037109375 0.04296875
 4 0.521484375 0.427734375 0.015625 0.0546875
 4 0.69140625 0.3154296875 0.02734375 0.099609375
 0 0.8544921875 0.546875 0.044921875 0.06640625
 0 0.892578125 0.5400390625 0.06640625 0.076171875
 0 0.95703125 0.529296875 0.08203125 0.10546875