
 0 0.904296875 0.6044921875 0.19140625 0.283203125
 0 0.177734375 0.5380859375 0.140625 0.146484375
 0 0.306640625 0.5166015625 0.078125 0.083984375
 0 0.35546875 0.505859375 0.04296875 0.07421875
 0 0.4326171875 0.4951171875 0.060546875 0.064453125
 0 0.4267578125 0.4921875 0.048828125 0.06640625
 0 0.5751953125 0.5 0.037109375 0.08203125
 0 0.6103515625 0.5009765625 0.037109375 0.099609375
 0 0.6396484375 0.505859375 0.052734375 0.1171875
 0 0.6904296875 0.5234375 0.099609375 0.14453125
 0 0.8115234375 0.515625 0.208984375 0.2421875