
 0 0.1318359375 0.5244140625 0.044921875 0.033203125
 0 0.1279296875 0.525390625 0.029296875 0.04296875
 0 0.22265625 0.54296875 0.1796875 0.15625
 4 0.1962890625 0.1337890625 0.041015625 0.111328125
 4 0.3447265625 0.1337890625 0.029296875 0.115234375
 0 0.4130859375 0.494140625 0.068359375 0.0859375
 0 0.451171875 0.5009765625 0.03125 0.072265625
 0 0.5244140625 0.5087890625 0.048828125 0.068359375
 2 0.6787109375 0.5146484375 0.044921875 0.158203125
 4 0.732421875 0.3134765625 0.02734375 0.083984375
 0 0.73828125 0.4794921875 0.02734375 0.080078125
 0 0.79296875 0.490234375 0.08984375 0.0625