
 0 0.060546875 0.5654296875 0.0703125 0.072265625
 0 0.107421875 0.55859375 0.03515625 0.05859375
 0 0.142578125 0.552734375 0.046875 0.05859375
 0 0.2431640625 0.546875 0.041015625 0.046875
 0 0.2431640625 0.546875 0.037109375 0.0546875
 0 0.396484375 0.556640625 0.09375 0.125
 0 0.4619140625 0.53515625 0.052734375 0.0625
 0 0.615234375 0.513671875 0.0546875 0.0625
 0 0.7021484375 0.5068359375 0.099609375 0.060546875
 0 0.8095703125 0.5078125 0.169921875 0.06640625
 0 0.9208984375 0.5009765625 0.080078125 0.060546875