
 1 0.1328125 0.5068359375 0.02734375 0.076171875
 1 0.1376953125 0.4921875 0.021484375 0.078125
 1 0.1416015625 0.486328125 0.017578125 0.05859375
 4 0.2529296875 0.3671875 0.025390625 0.07421875
 4 0.2529296875 0.3642578125 0.021484375 0.052734375
 1 0.390625 0.4873046875 0.03515625 0.083984375
 1 0.5244140625 0.4853515625 0.017578125 0.052734375
 1 0.5283203125 0.484375 0.021484375 0.05859375
 0 0.5400390625 0.4912109375 0.017578125 0.056640625
 0 0.564453125 0.484375 0.03125 0.046875
 0 0.564453125 0.4921875 0.03125 0.05859375
 4 0.58203125 0.3505859375 0.015625 0.068359375
 1 0.6962890625 0.4736328125 0.021484375 0.072265625