
 4 0.08203125 0.078125 0.1640625 0.15625
 0 0.0869140625 0.521484375 0.037109375 0.0546875
 0 0.09375 0.4990234375 0.04296875 0.033203125
 0 0.1708984375 0.5029296875 0.103515625 0.064453125
 0 0.22265625 0.513671875 0.05859375 0.07421875
 0 0.271484375 0.5205078125 0.1015625 0.083984375
 0 0.3427734375 0.51953125 0.072265625 0.07421875
 0 0.40625 0.494140625 0.02734375 0.03515625
 0 0.4345703125 0.5009765625 0.025390625 0.048828125
 0 0.4736328125 0.49609375 0.033203125 0.04296875
 0 0.53515625 0.490234375 0.015625 0.0390625
 0 0.5546875 0.4921875 0.02734375 0.046875
 4 0.568359375 0.361328125 0.0234375 0.0625
 4 0.80078125 0.076171875 0.05078125 0.1171875
 0 0.837890625 0.4912109375 0.08203125 0.060546875
 0 0.888671875 0.490234375 0.0859375 0.0546875
 1 0.9609375 0.4990234375 0.0234375 0.099609375