
 0 0.0361328125 0.509765625 0.060546875 0.046875
 4 0.1640625 0.1904296875 0.03125 0.091796875
 4 0.166015625 0.193359375 0.02734375 0.078125
 0 0.220703125 0.5078125 0.046875 0.04296875
 0 0.302734375 0.5068359375 0.06640625 0.087890625
 4 0.3095703125 0.1923828125 0.029296875 0.087890625
 4 0.3154296875 0.1884765625 0.021484375 0.072265625
 0 0.421875 0.4892578125 0.05078125 0.037109375
 4 0.4384765625 0.2119140625 0.025390625 0.087890625
 4 0.435546875 0.205078125 0.01953125 0.08203125
 4 0.6884765625 0.3525390625 0.029296875 0.072265625
 4 0.6875 0.3544921875 0.01953125 0.064453125