
 0 0.2412109375 0.5927734375 0.306640625 0.388671875
 4 0.349609375 0.408203125 0.01953125 0.0390625
 4 0.3515625 0.412109375 0.015625 0.0390625
 0 0.427734375 0.564453125 0.08203125 0.1875
 4 0.4697265625 0.3544921875 0.025390625 0.060546875
 4 0.4677734375 0.353515625 0.013671875 0.046875
 0 0.5009765625 0.5234375 0.029296875 0.04296875
 4 0.517578125 0.4326171875 0.01953125 0.060546875
 4 0.6640625 0.3251953125 0.03125 0.095703125
 0 0.8974609375 0.509765625 0.080078125 0.12109375
 0 0.9345703125 0.5234375 0.044921875 0.109375