
 4 0.0830078125 0.0791015625 0.166015625 0.158203125
 4 0.0654296875 0.068359375 0.076171875 0.125
 0 0.0888671875 0.53125 0.037109375 0.05078125
 0 0.09375 0.5 0.04296875 0.03125
 0 0.1708984375 0.5029296875 0.103515625 0.064453125
 0 0.2158203125 0.515625 0.060546875 0.078125
 0 0.265625 0.525390625 0.10546875 0.078125
 0 0.3369140625 0.5146484375 0.076171875 0.080078125
 0 0.4306640625 0.498046875 0.029296875 0.02734375
 0 0.4306640625 0.49609375 0.025390625 0.05078125
 0 0.474609375 0.4951171875 0.02734375 0.037109375
 4 0.568359375 0.3603515625 0.0234375 0.060546875
 4 0.5732421875 0.0302734375 0.029296875 0.056640625
 4 0.5673828125 0.3642578125 0.013671875 0.041015625
 4 0.6533203125 0.357421875 0.009765625 0.0390625
 4 0.80078125 0.0771484375 0.05078125 0.115234375
 4 0.8017578125 0.078125 0.029296875 0.08984375
 0 0.814453125 0.4970703125 0.03125 0.041015625
 0 0.861328125 0.4921875 0.0859375 0.0546875
 1 0.9619140625 0.4931640625 0.021484375 0.099609375