
 0 0.0322265625 0.578125 0.064453125 0.09375
 0 0.0283203125 0.5791015625 0.052734375 0.072265625
 0 0.06640625 0.5751953125 0.05859375 0.087890625
 0 0.09765625 0.54296875 0.06640625 0.05078125
 0 0.1015625 0.5478515625 0.0546875 0.044921875
 0 0.349609375 0.54296875 0.0390625 0.05078125
 0 0.390625 0.556640625 0.0703125 0.09375
 4 0.43359375 0.4326171875 0.015625 0.037109375
 4 0.4345703125 0.4296875 0.009765625 0.03125
 0 0.6357421875 0.5087890625 0.072265625 0.052734375
 0 0.6337890625 0.5166015625 0.064453125 0.037109375