
 0 0.09765625 0.51171875 0.046875 0.05859375
 0 0.0966796875 0.5107421875 0.041015625 0.052734375
 0 0.232421875 0.5087890625 0.11328125 0.126953125
 0 0.3291015625 0.4873046875 0.052734375 0.060546875
 0 0.3359375 0.484375 0.03515625 0.046875
 0 0.3681640625 0.4833984375 0.025390625 0.044921875
 4 0.4013671875 0.423828125 0.013671875 0.04296875
 0 0.4267578125 0.486328125 0.029296875 0.03515625
 4 0.451171875 0.3896484375 0.015625 0.041015625
 4 0.54296875 0.4384765625 0.01953125 0.044921875
 4 0.5419921875 0.4375 0.013671875 0.02734375
 4 0.5830078125 0.42578125 0.013671875 0.0390625
 0 0.791015625 0.4951171875 0.23046875 0.111328125
 0 0.796875 0.5009765625 0.21875 0.130859375