
 0 0.087890625 0.5439453125 0.17578125 0.181640625
 0 0.3935546875 0.5087890625 0.177734375 0.115234375
 0 0.48828125 0.486328125 0.0546875 0.05859375
 0 0.5419921875 0.482421875 0.060546875 0.06640625
 0 0.61328125 0.4716796875 0.03515625 0.033203125
 0 0.6494140625 0.4716796875 0.033203125 0.041015625
 0 0.74609375 0.4775390625 0.0625 0.056640625
 0 0.849609375 0.46484375 0.04296875 0.04296875
 0 0.8955078125 0.466796875 0.048828125 0.05078125
 0 0.9521484375 0.4658203125 0.072265625 0.056640625
 0 0.9638671875 0.4697265625 0.072265625 0.052734375