
 4 0.095703125 0.435546875 0.0234375 0.0546875
 4 0.0966796875 0.4365234375 0.017578125 0.048828125
 0 0.1640625 0.55859375 0.0625 0.06640625
 0 0.19921875 0.552734375 0.01953125 0.05078125
 0 0.30859375 0.5927734375 0.23046875 0.322265625
 4 0.3583984375 0.4228515625 0.017578125 0.052734375
 0 0.43359375 0.5703125 0.08984375 0.16015625
 4 0.49609375 0.3720703125 0.01953125 0.052734375
 0 0.5283203125 0.5546875 0.041015625 0.05078125
 4 0.5498046875 0.439453125 0.017578125 0.05078125
 4 0.77734375 0.28125 0.0390625 0.1171875
 1 0.794921875 0.5390625 0.01953125 0.09765625
 1 0.822265625 0.53515625 0.02734375 0.09765625