
 0 0.095703125 0.5869140625 0.19140625 0.212890625
 0 0.2451171875 0.5498046875 0.072265625 0.076171875
 0 0.2490234375 0.5478515625 0.056640625 0.056640625
 0 0.2900390625 0.54296875 0.025390625 0.0703125
 0 0.31640625 0.5390625 0.03125 0.0546875
 0 0.3388671875 0.544921875 0.041015625 0.0625
 0 0.3935546875 0.55078125 0.119140625 0.08984375
 0 0.3994140625 0.5439453125 0.099609375 0.068359375
 3 0.3857421875 0.5029296875 0.033203125 0.041015625
 0 0.4619140625 0.521484375 0.048828125 0.0625
 3 0.4609375 0.5185546875 0.03515625 0.052734375
 0 0.51171875 0.5283203125 0.0390625 0.048828125
 0 0.6240234375 0.5615234375 0.111328125 0.115234375