
 0 0.123046875 0.4921875 0.24609375 0.67578125
 3 0.1279296875 0.484375 0.248046875 0.6171875
 0 0.3291015625 0.5009765625 0.052734375 0.072265625
 0 0.4921875 0.623046875 0.3359375 0.42578125
 4 0.3515625 0.3017578125 0.01953125 0.068359375
 4 0.474609375 0.2392578125 0.0234375 0.064453125
 0 0.671875 0.5029296875 0.12109375 0.080078125
 0 0.6845703125 0.5 0.111328125 0.07421875
 4 0.650390625 0.373046875 0.01953125 0.05078125
 0 0.740234375 0.4892578125 0.0859375 0.056640625
 0 0.8564453125 0.5908203125 0.283203125 0.345703125
 4 0.98828125 0.2314453125 0.01953125 0.111328125