
 3 0.0595703125 0.4892578125 0.115234375 0.185546875
 0 0.1142578125 0.5654296875 0.111328125 0.115234375
 0 0.177734375 0.4755859375 0.125 0.126953125
 3 0.1865234375 0.4853515625 0.130859375 0.130859375
 0 0.287109375 0.626953125 0.30078125 0.35546875
 3 0.40625 0.53125 0.12890625 0.19140625
 0 0.43359375 0.5205078125 0.078125 0.259765625
 0 0.5087890625 0.5380859375 0.056640625 0.087890625
 0 0.5322265625 0.533203125 0.029296875 0.109375
 0 0.5712890625 0.5263671875 0.080078125 0.169921875
 0 0.6552734375 0.55859375 0.177734375 0.1875
 3 0.748046875 0.474609375 0.109375 0.1953125