
 0 0.029296875 0.60546875 0.05859375 0.11328125
 0 0.0361328125 0.6064453125 0.064453125 0.126953125
 0 0.0849609375 0.611328125 0.056640625 0.0859375
 0 0.12890625 0.5595703125 0.109375 0.103515625
 0 0.1376953125 0.55078125 0.080078125 0.0703125
 0 0.1279296875 0.611328125 0.033203125 0.05859375
 0 0.1884765625 0.5947265625 0.041015625 0.083984375
 0 0.21875 0.5537109375 0.078125 0.056640625
 0 0.1982421875 0.5869140625 0.033203125 0.076171875
 3 0.37890625 0.4931640625 0.16796875 0.341796875
 1 0.4892578125 0.5703125 0.029296875 0.09375
 1 0.5419921875 0.5771484375 0.029296875 0.130859375
 1 0.5595703125 0.5830078125 0.017578125 0.115234375
 1 0.7685546875 0.537109375 0.041015625 0.04296875
 1 0.9853515625 0.5556640625 0.025390625 0.169921875