
 0 0.880859375 0.5751953125 0.23828125 0.228515625
 4 0.2998046875 0.4326171875 0.013671875 0.037109375
 0 0.369140625 0.51171875 0.0390625 0.05078125
 0 0.3984375 0.5068359375 0.01953125 0.044921875
 0 0.412109375 0.50390625 0.01953125 0.04296875
 0 0.4287109375 0.5048828125 0.021484375 0.048828125
 0 0.505859375 0.494140625 0.046875 0.08984375
 4 0.5244140625 0.3359375 0.021484375 0.04296875
 4 0.6142578125 0.4248046875 0.017578125 0.029296875
 4 0.6142578125 0.416015625 0.017578125 0.046875
 0 0.6884765625 0.5166015625 0.146484375 0.169921875