
 0 0.1474609375 0.4951171875 0.087890625 0.068359375
 0 0.2109375 0.4970703125 0.06640625 0.052734375
 3 0.25390625 0.486328125 0.04296875 0.07421875
 0 0.2587890625 0.486328125 0.033203125 0.0703125
 0 0.283203125 0.498046875 0.02734375 0.04296875
 0 0.43359375 0.6162109375 0.30859375 0.400390625
 4 0.322265625 0.23828125 0.01953125 0.05859375
 4 0.4541015625 0.244140625 0.025390625 0.0703125
 4 0.6591796875 0.361328125 0.017578125 0.04296875
 4 0.6572265625 0.3603515625 0.013671875 0.037109375
 4 0.869140625 0.1435546875 0.04296875 0.130859375