
 0 0.9619140625 0.5009765625 0.076171875 0.158203125
 0 0.21875 0.521484375 0.07421875 0.1015625
 0 0.255859375 0.5126953125 0.03515625 0.052734375
 0 0.2578125 0.5185546875 0.0234375 0.060546875
 0 0.2822265625 0.5068359375 0.033203125 0.048828125
 0 0.28515625 0.5078125 0.02734375 0.05078125
 0 0.3046875 0.498046875 0.0390625 0.0546875
 0 0.3046875 0.5009765625 0.0234375 0.048828125
 0 0.58984375 0.47265625 0.046875 0.04296875
 0 0.5859375 0.4775390625 0.0390625 0.033203125
 0 0.6513671875 0.46484375 0.037109375 0.04296875
 0 0.6494140625 0.4677734375 0.033203125 0.029296875
 0 0.724609375 0.45703125 0.02734375 0.01953125
 0 0.8720703125 0.4365234375 0.052734375 0.044921875
 0 0.8671875 0.4306640625 0.03125 0.033203125