
 1 0.03515625 0.560546875 0.0234375 0.09765625
 1 0.05859375 0.55859375 0.03125 0.10546875
 0 0.1123046875 0.568359375 0.083984375 0.08984375
 0 0.2099609375 0.5576171875 0.103515625 0.111328125
 0 0.267578125 0.541015625 0.03125 0.0859375
 0 0.4326171875 0.5400390625 0.048828125 0.060546875
 4 0.5888671875 0.3154296875 0.029296875 0.095703125
 1 0.775390625 0.5205078125 0.046875 0.181640625
 1 0.822265625 0.5263671875 0.05859375 0.166015625
 1 0.8544921875 0.5576171875 0.033203125 0.087890625