
 0 0.126953125 0.4951171875 0.25390625 0.677734375
 3 0.12890625 0.484375 0.25 0.6171875
 0 0.33203125 0.4951171875 0.046875 0.064453125
 0 0.4990234375 0.6279296875 0.330078125 0.435546875
 4 0.3505859375 0.30078125 0.017578125 0.0703125
 4 0.47265625 0.2412109375 0.01953125 0.068359375
 0 0.6689453125 0.5009765625 0.115234375 0.080078125
 0 0.677734375 0.5 0.08984375 0.08984375
 4 0.646484375 0.369140625 0.01953125 0.04296875
 2 0.650390625 0.48828125 0.03125 0.09375
 0 0.751953125 0.490234375 0.07421875 0.05859375
 0 0.859375 0.58984375 0.27734375 0.34765625
 4 0.9853515625 0.23046875 0.025390625 0.08984375