
 0 0.029296875 0.53125 0.05859375 0.3046875
 0 0.05859375 0.5009765625 0.06640625 0.099609375
 0 0.0791015625 0.537109375 0.072265625 0.0625
 0 0.1298828125 0.5322265625 0.041015625 0.056640625
 0 0.142578125 0.5322265625 0.05859375 0.048828125
 0 0.2451171875 0.5302734375 0.201171875 0.232421875
 4 0.2080078125 0.337890625 0.021484375 0.0625
 4 0.2099609375 0.3349609375 0.017578125 0.048828125
 4 0.271484375 0.33203125 0.01953125 0.06640625
 0 0.361328125 0.5302734375 0.0625 0.107421875
 4 0.365234375 0.3330078125 0.01953125 0.056640625
 4 0.3740234375 0.33203125 0.017578125 0.046875
 0 0.3984375 0.515625 0.0390625 0.04296875
 0 0.4716796875 0.533203125 0.107421875 0.140625
 4 0.4365234375 0.34375 0.033203125 0.078125
 4 0.4404296875 0.3369140625 0.017578125 0.048828125
 4 0.5849609375 0.4345703125 0.017578125 0.064453125
 4 0.5869140625 0.4267578125 0.017578125 0.052734375
 0 0.8369140625 0.5185546875 0.056640625 0.087890625
 0 0.86328125 0.5146484375 0.09765625 0.076171875
 0 0.9306640625 0.5146484375 0.138671875 0.095703125