
 0 0.0400390625 0.5390625 0.056640625 0.05078125
 0 0.1787109375 0.5205078125 0.044921875 0.060546875
 4 0.169921875 0.3408203125 0.01953125 0.052734375
 0 0.251953125 0.517578125 0.03125 0.046875
 4 0.2568359375 0.341796875 0.017578125 0.05078125
 0 0.2861328125 0.5146484375 0.037109375 0.056640625
 4 0.3720703125 0.4287109375 0.017578125 0.048828125
 0 0.4423828125 0.5302734375 0.126953125 0.181640625
 0 0.6572265625 0.5771484375 0.185546875 0.166015625
 0 0.646484375 0.470703125 0.11328125 0.07421875
 4 0.6591796875 0.3115234375 0.025390625 0.107421875
 1 0.7236328125 0.4931640625 0.033203125 0.091796875
 1 0.7236328125 0.4990234375 0.025390625 0.080078125