
 0 0.01171875 0.5029296875 0.0234375 0.060546875
 0 0.0830078125 0.48828125 0.091796875 0.08203125
 0 0.16796875 0.48046875 0.05859375 0.05859375
 0 0.2939453125 0.4658203125 0.025390625 0.025390625
 4 0.3828125 0.28125 0.0234375 0.08203125
 4 0.3876953125 0.275390625 0.017578125 0.0625
 0 0.5126953125 0.587890625 0.267578125 0.32421875
 4 0.5107421875 0.2646484375 0.021484375 0.060546875
 4 0.6416015625 0.2978515625 0.025390625 0.072265625
 0 0.7333984375 0.4638671875 0.052734375 0.037109375
 4 0.7509765625 0.384765625 0.025390625 0.0703125
 0 0.8701171875 0.5576171875 0.255859375 0.388671875
 4 0.751953125 0.3779296875 0.015625 0.048828125