
 0 0.9677734375 0.6669921875 0.064453125 0.541015625
 0 0.0244140625 0.5546875 0.048828125 0.11328125
 1 0.0244140625 0.5576171875 0.025390625 0.126953125
 0 0.1240234375 0.5517578125 0.087890625 0.087890625
 0 0.1240234375 0.5517578125 0.076171875 0.068359375
 0 0.18359375 0.5458984375 0.03515625 0.052734375
 0 0.34765625 0.58984375 0.1875 0.24609375
 0 0.58984375 0.552734375 0.046875 0.09375
 0 0.64453125 0.5537109375 0.08203125 0.158203125
 0 0.642578125 0.55859375 0.07421875 0.1328125
 0 0.7451171875 0.5439453125 0.150390625 0.259765625
 0 0.7216796875 0.5458984375 0.091796875 0.220703125
 0 0.8515625 0.6142578125 0.16796875 0.259765625