
 0 0.15234375 0.474609375 0.046875 0.046875
 0 0.15234375 0.4794921875 0.0390625 0.037109375
 0 0.2265625 0.470703125 0.0390625 0.03515625
 0 0.30078125 0.484375 0.078125 0.078125
 0 0.4072265625 0.4775390625 0.052734375 0.072265625
 4 0.41015625 0.3837890625 0.015625 0.048828125
 0 0.44921875 0.4677734375 0.02734375 0.033203125
 4 0.4482421875 0.384765625 0.013671875 0.04296875
 0 0.5087890625 0.482421875 0.068359375 0.08984375
 4 0.552734375 0.4248046875 0.015625 0.033203125
 4 0.57421875 0.423828125 0.01171875 0.03515625