
 0 0.0830078125 0.5224609375 0.080078125 0.064453125
 0 0.173828125 0.5361328125 0.08984375 0.099609375
 0 0.23046875 0.509765625 0.03515625 0.0625
 0 0.234375 0.5234375 0.0390625 0.078125
 0 0.3291015625 0.5048828125 0.060546875 0.060546875
 0 0.3291015625 0.509765625 0.052734375 0.06640625
 0 0.3623046875 0.494140625 0.025390625 0.04296875
 0 0.498046875 0.494140625 0.0546875 0.07421875
 0 0.5634765625 0.5029296875 0.017578125 0.041015625
 0 0.580078125 0.51171875 0.0234375 0.046875
 0 0.6162109375 0.5166015625 0.052734375 0.068359375