
 4 0.08203125 0.078125 0.1640625 0.15625
 0 0.07421875 0.525390625 0.1484375 0.1640625
 0 0.1142578125 0.517578125 0.099609375 0.13671875
 0 0.1953125 0.501953125 0.07421875 0.0859375
 0 0.314453125 0.490234375 0.08203125 0.06640625
 0 0.35546875 0.5224609375 0.05859375 0.060546875
 0 0.46484375 0.4912109375 0.0390625 0.044921875
 4 0.568359375 0.361328125 0.0234375 0.0625
 0 0.5830078125 0.4853515625 0.033203125 0.052734375
 0 0.583984375 0.4833984375 0.02734375 0.056640625
 0 0.6064453125 0.494140625 0.048828125 0.0546875
 0 0.6064453125 0.490234375 0.041015625 0.046875
 0 0.6396484375 0.48828125 0.021484375 0.03515625
 0 0.6396484375 0.4873046875 0.017578125 0.056640625
 4 0.65234375 0.3564453125 0.015625 0.041015625
 0 0.6787109375 0.501953125 0.064453125 0.09375
 0 0.6796875 0.5 0.0546875 0.06640625
 0 0.7431640625 0.517578125 0.103515625 0.12109375
 4 0.7255859375 0.4150390625 0.017578125 0.048828125
 None 0.80078125 0.076171875 0.05078125 0.1171875
 4 0.80078125 0.0751953125 0.02734375 0.091796875
 0 0.85546875 0.51171875 0.07421875 0.11328125
 1 0.89453125 0.482421875 0.0234375 0.078125
 1 0.9814453125 0.4921875 0.029296875 0.09375
 1 0.982421875 0.494140625 0.0234375 0.1328125