
 2 0.0966796875 0.5146484375 0.017578125 0.068359375
 2 0.0986328125 0.5048828125 0.013671875 0.048828125
 2 0.12890625 0.5146484375 0.01171875 0.041015625
 0 0.2578125 0.5048828125 0.0390625 0.048828125
 0 0.2626953125 0.5048828125 0.041015625 0.044921875
 0 0.384765625 0.5009765625 0.02734375 0.037109375
 3 0.3916015625 0.4814453125 0.033203125 0.060546875
 0 0.4287109375 0.4931640625 0.029296875 0.041015625
 3 0.4697265625 0.47265625 0.037109375 0.0625
 0 0.4951171875 0.5048828125 0.048828125 0.068359375
 0 0.6123046875 0.51171875 0.169921875 0.19140625