
 0 0.037109375 0.51953125 0.07421875 0.09765625
 0 0.0087890625 0.599609375 0.013671875 0.12109375
 0 0.0439453125 0.5361328125 0.080078125 0.166015625
 0 0.0966796875 0.578125 0.126953125 0.171875
 0 0.28515625 0.587890625 0.32421875 0.41015625
 4 0.31640625 0.328125 0.01953125 0.05859375
 4 0.4140625 0.326171875 0.0234375 0.05078125
 4 0.4912109375 0.3271484375 0.021484375 0.060546875
 0 0.498046875 0.515625 0.01953125 0.0390625
 0 0.5380859375 0.4951171875 0.087890625 0.126953125
 3 0.5390625 0.4912109375 0.0859375 0.130859375
 0 0.798828125 0.6328125 0.375 0.3671875
 0 0.6357421875 0.54296875 0.044921875 0.1171875
 4 0.6787109375 0.41796875 0.017578125 0.05078125
 4 0.9306640625 0.255859375 0.056640625 0.16015625
 0 0.9423828125 0.5205078125 0.080078125 0.060546875
 1 0.9521484375 0.5166015625 0.029296875 0.060546875