
 0 0.0751953125 0.607421875 0.142578125 0.31640625
 4 0.11328125 0.2177734375 0.03125 0.087890625
 0 0.19140625 0.5283203125 0.125 0.103515625
 0 0.1953125 0.5224609375 0.10546875 0.103515625
 0 0.287109375 0.501953125 0.0546875 0.046875
 0 0.2919921875 0.5048828125 0.048828125 0.068359375
 4 0.29296875 0.21484375 0.03515625 0.1015625
 4 0.2939453125 0.2138671875 0.025390625 0.083984375
 0 0.3505859375 0.50390625 0.033203125 0.03515625
 0 0.4521484375 0.57421875 0.197265625 0.2734375
 4 0.4462890625 0.2275390625 0.025390625 0.087890625
 4 0.68359375 0.361328125 0.04296875 0.09765625
 4 0.6845703125 0.365234375 0.021484375 0.05859375