
 3 0.037109375 0.578125 0.07421875 0.12109375
 0 0.03515625 0.572265625 0.06640625 0.109375
 3 0.11328125 0.560546875 0.0859375 0.03515625
 0 0.181640625 0.625 0.1484375 0.14453125
 0 0.267578125 0.6083984375 0.078125 0.107421875
 0 0.3037109375 0.5859375 0.033203125 0.04296875
 0 0.3251953125 0.583984375 0.029296875 0.03515625
 0 0.4052734375 0.568359375 0.021484375 0.02734375
 0 0.486328125 0.599609375 0.01953125 0.08203125
 0 0.51171875 0.599609375 0.0390625 0.08984375
 0 0.5185546875 0.603515625 0.052734375 0.09765625
 0 0.55859375 0.615234375 0.09375 0.10546875
 4 0.7138671875 0.3212890625 0.037109375 0.126953125