
 0 0.0185546875 0.55859375 0.037109375 0.109375
 0 0.87890625 0.568359375 0.2421875 0.34375
 0 0.0712890625 0.5400390625 0.080078125 0.091796875
 0 0.2236328125 0.5244140625 0.060546875 0.068359375
 0 0.34765625 0.5341796875 0.109375 0.146484375
 0 0.412109375 0.51171875 0.046875 0.10546875
 0 0.4716796875 0.5244140625 0.099609375 0.095703125
 0 0.5703125 0.529296875 0.0859375 0.13671875
 0 0.6240234375 0.560546875 0.068359375 0.1484375
 0 0.6220703125 0.556640625 0.056640625 0.1484375
 0 0.7041015625 0.5458984375 0.126953125 0.248046875