
 0 0.0625 0.5537109375 0.125 0.111328125
 0 0.2216796875 0.537109375 0.048828125 0.05859375
 0 0.2236328125 0.5322265625 0.048828125 0.048828125
 0 0.3466796875 0.5478515625 0.123046875 0.173828125
 4 0.3642578125 0.4443359375 0.017578125 0.041015625
 4 0.36328125 0.4443359375 0.01171875 0.041015625
 0 0.42578125 0.541015625 0.046875 0.125
 4 0.4580078125 0.3955078125 0.013671875 0.048828125
 4 0.458984375 0.390625 0.01171875 0.03125
 4 0.498046875 0.447265625 0.015625 0.0546875
 4 0.49609375 0.447265625 0.01171875 0.03515625
 4 0.5810546875 0.3974609375 0.021484375 0.068359375
 4 0.5859375 0.3916015625 0.01953125 0.052734375
 0 0.888671875 0.5087890625 0.19140625 0.142578125
 0 0.8896484375 0.50390625 0.185546875 0.1328125