
 0 0.1162109375 0.5390625 0.166015625 0.09765625
 0 0.3310546875 0.65234375 0.330078125 0.42578125
 4 0.2802734375 0.279296875 0.021484375 0.06640625
 4 0.390625 0.287109375 0.0234375 0.07421875
 0 0.529296875 0.53515625 0.12890625 0.08203125
 2 0.5107421875 0.5302734375 0.033203125 0.072265625
 1 0.5244140625 0.5078125 0.013671875 0.046875
 1 0.53515625 0.5029296875 0.01171875 0.037109375
 4 0.5634765625 0.412109375 0.025390625 0.06640625
 1 0.6103515625 0.5224609375 0.021484375 0.083984375
 1 0.6279296875 0.52734375 0.021484375 0.078125
 2 0.6630859375 0.525390625 0.021484375 0.08203125
 1 0.671875 0.51953125 0.015625 0.0625
 1 0.6865234375 0.525390625 0.017578125 0.0859375
 1 0.70703125 0.525390625 0.01953125 0.078125
 1 0.708984375 0.5263671875 0.01953125 0.072265625