
 0 0.86328125 0.544921875 0.07421875 0.0546875
 1 0.8818359375 0.54296875 0.013671875 0.05078125
 0 0.09375 0.525390625 0.05859375 0.0390625
 4 0.037109375 0.2431640625 0.0234375 0.076171875
 0 0.2138671875 0.5478515625 0.111328125 0.083984375
 0 0.2060546875 0.541015625 0.087890625 0.0703125
 0 0.22265625 0.5322265625 0.02734375 0.041015625
 0 0.3369140625 0.6240234375 0.228515625 0.283203125
 4 0.24609375 0.353515625 0.01953125 0.0546875
 4 0.326171875 0.2919921875 0.0234375 0.060546875
 4 0.3857421875 0.41796875 0.013671875 0.03515625
 4 0.3876953125 0.4208984375 0.017578125 0.033203125
 4 0.423828125 0.447265625 0.015625 0.03125
 0 0.4501953125 0.5263671875 0.025390625 0.041015625
 0 0.482421875 0.52734375 0.02734375 0.03125
 0 0.515625 0.548828125 0.07421875 0.09375
 4 0.5126953125 0.4052734375 0.013671875 0.033203125
 4 0.5166015625 0.4052734375 0.017578125 0.044921875
 0 0.6025390625 0.5654296875 0.146484375 0.185546875
 0 0.5478515625 0.533203125 0.037109375 0.0625
 0 0.6396484375 0.5302734375 0.044921875 0.076171875
 4 0.650390625 0.474609375 0.01171875 0.03125
 0 0.7568359375 0.5634765625 0.146484375 0.169921875
 4 0.84765625 0.404296875 0.015625 0.05859375
 4 0.861328125 0.3544921875 0.01953125 0.041015625
 4 0.9130859375 0.3388671875 0.021484375 0.060546875