
 1 0.5478515625 0.53125 0.013671875 0.0625
 4 0.21875 0.2900390625 0.0234375 0.072265625
 4 0.2197265625 0.287109375 0.017578125 0.05078125
 0 0.3447265625 0.5546875 0.056640625 0.06640625
 None 0.3427734375 0.27734375 0.017578125 0.04296875
 None 0.345703125 0.26953125 0.01953125 0.0625
 0 0.421875 0.5380859375 0.02734375 0.041015625
 None 0.537109375 0.408203125 0.0234375 0.03515625
 None 0.5380859375 0.4111328125 0.013671875 0.052734375
 1 0.560546875 0.5322265625 0.01953125 0.072265625
 1 0.580078125 0.5322265625 0.01953125 0.048828125
 0 0.8427734375 0.4912109375 0.103515625 0.076171875
 0 0.8466796875 0.4970703125 0.091796875 0.072265625