
 3 0.0341796875 0.486328125 0.068359375 0.2421875
 3 0.1083984375 0.494140625 0.107421875 0.203125
 0 0.1689453125 0.5595703125 0.087890625 0.099609375
 0 0.2490234375 0.50390625 0.080078125 0.15625
 0 0.3427734375 0.56640625 0.177734375 0.26953125
 0 0.4384765625 0.509765625 0.060546875 0.203125
 0 0.49609375 0.5224609375 0.03515625 0.080078125
 0 0.5263671875 0.5146484375 0.029296875 0.119140625
 0 0.5986328125 0.52734375 0.123046875 0.16015625
 3 0.7041015625 0.48046875 0.119140625 0.1875