
 0 0.064453125 0.5458984375 0.0390625 0.064453125
 0 0.12109375 0.5498046875 0.12890625 0.115234375
 3 0.3046875 0.4619140625 0.1640625 0.236328125
 0 0.4384765625 0.556640625 0.255859375 0.15625
 4 0.4208984375 0.3173828125 0.017578125 0.056640625
 4 0.5 0.318359375 0.0234375 0.06640625
 4 0.64453125 0.4150390625 0.02734375 0.068359375
 3 0.8232421875 0.4658203125 0.345703125 0.216796875
 0 0.939453125 0.7197265625 0.11328125 0.533203125
 0 0.943359375 0.6728515625 0.109375 0.439453125