
 0 0.1064453125 0.4912109375 0.083984375 0.087890625
 0 0.109375 0.4990234375 0.07421875 0.076171875
 4 0.2021484375 0.4169921875 0.021484375 0.056640625
 0 0.4033203125 0.4755859375 0.080078125 0.123046875
 4 0.419921875 0.3681640625 0.015625 0.037109375
 0 0.4560546875 0.4921875 0.041015625 0.05078125
 0 0.453125 0.486328125 0.0234375 0.0390625
 0 0.5029296875 0.5029296875 0.080078125 0.087890625
 4 0.4951171875 0.34375 0.013671875 0.05078125
 0 0.5859375 0.498046875 0.0390625 0.08984375
 0 0.599609375 0.501953125 0.06640625 0.0703125
 4 0.5927734375 0.416015625 0.013671875 0.04296875
 0 0.6650390625 0.5068359375 0.107421875 0.126953125
 4 0.681640625 0.388671875 0.0234375 0.05859375
 4 0.6845703125 0.380859375 0.021484375 0.046875
 0 0.7255859375 0.470703125 0.041015625 0.03515625
 0 0.7314453125 0.49609375 0.052734375 0.05078125
 0 0.8681640625 0.541015625 0.259765625 0.38671875
 1 0.767578125 0.4716796875 0.03125 0.068359375