
 0 0.1748046875 0.5458984375 0.056640625 0.056640625
 0 0.240234375 0.5390625 0.03515625 0.04296875
 0 0.2763671875 0.533203125 0.029296875 0.03515625
 0 0.30078125 0.5283203125 0.0234375 0.033203125
 4 0.3740234375 0.359375 0.013671875 0.04296875
 4 0.3740234375 0.357421875 0.013671875 0.04296875
 0 0.4091796875 0.541015625 0.064453125 0.08984375
 4 0.451171875 0.3486328125 0.01171875 0.048828125
 4 0.4541015625 0.349609375 0.013671875 0.04296875
 0 0.5146484375 0.529296875 0.029296875 0.0625
 0 0.54296875 0.5322265625 0.05859375 0.068359375
 4 0.5625 0.44140625 0.015625 0.04296875
 4 0.564453125 0.4404296875 0.015625 0.044921875
 0 0.6533203125 0.517578125 0.029296875 0.06640625
 0 0.869140625 0.5078125 0.17578125 0.10546875