
 0 0.501953125 0.4619140625 0.05078125 0.033203125
 4 0.591796875 0.2958984375 0.0234375 0.060546875
 4 0.5908203125 0.287109375 0.013671875 0.03125
 0 0.6689453125 0.466796875 0.021484375 0.03125
 4 0.6787109375 0.294921875 0.017578125 0.05078125
 4 0.677734375 0.30859375 0.015625 0.04296875
 0 0.6865234375 0.466796875 0.029296875 0.03515625
 4 0.890625 0.4013671875 0.01953125 0.033203125
 4 0.896484375 0.388671875 0.01953125 0.04296875
 4 0.9111328125 0.421875 0.017578125 0.03515625