
 0 0.900390625 0.720703125 0.1953125 0.53515625
 3 0.2333984375 0.509765625 0.052734375 0.0625
 4 0.2587890625 0.4990234375 0.013671875 0.056640625
 0 0.2998046875 0.544921875 0.072265625 0.08203125
 0 0.3427734375 0.5302734375 0.048828125 0.068359375
 4 0.3603515625 0.4658203125 0.013671875 0.037109375
 0 0.4267578125 0.53515625 0.052734375 0.0703125
 4 0.4580078125 0.400390625 0.009765625 0.03125
 0 0.4736328125 0.5205078125 0.025390625 0.052734375
 0 0.49609375 0.52734375 0.02734375 0.05859375
 0 0.529296875 0.5361328125 0.05078125 0.072265625
 0 0.6298828125 0.5576171875 0.158203125 0.150390625
 4 0.58984375 0.43359375 0.01171875 0.03515625