
 3 0.12890625 0.4775390625 0.078125 0.072265625
 3 0.14453125 0.4853515625 0.05859375 0.048828125
 0 0.25390625 0.4912109375 0.04296875 0.048828125
 0 0.2578125 0.490234375 0.03125 0.0390625
 0 0.2958984375 0.4921875 0.033203125 0.04296875
 0 0.2978515625 0.48828125 0.033203125 0.04296875
 0 0.3388671875 0.4912109375 0.029296875 0.041015625
 0 0.412109375 0.48828125 0.03125 0.05078125
 0 0.4873046875 0.5146484375 0.080078125 0.107421875
 4 0.462890625 0.4140625 0.01171875 0.03515625
 4 0.49609375 0.4150390625 0.015625 0.033203125
 4 0.5654296875 0.453125 0.013671875 0.03125
 0 0.5830078125 0.4892578125 0.029296875 0.072265625
 4 0.5830078125 0.4482421875 0.013671875 0.029296875
 0 0.638671875 0.484375 0.1015625 0.1328125
 3 0.626953125 0.4912109375 0.078125 0.119140625
 1 0.705078125 0.4990234375 0.0234375 0.091796875
 0 0.8994140625 0.509765625 0.123046875 0.1015625
 0 0.9013671875 0.5048828125 0.123046875 0.080078125