
 0 0.2353515625 0.7099609375 0.470703125 0.498046875
 0 0.1083984375 0.5517578125 0.056640625 0.072265625
 4 0.36328125 0.2900390625 0.03125 0.083984375
 4 0.361328125 0.275390625 0.01953125 0.0703125
 1 0.4873046875 0.5107421875 0.017578125 0.052734375
 4 0.5283203125 0.40625 0.025390625 0.0625
 1 0.5478515625 0.5107421875 0.033203125 0.099609375
 2 0.5927734375 0.5185546875 0.072265625 0.154296875
 2 0.5966796875 0.521484375 0.076171875 0.16015625
 2 0.623046875 0.580078125 0.10546875 0.359375