
 0 0.888671875 0.6103515625 0.22265625 0.369140625
 0 0.2265625 0.5302734375 0.03515625 0.048828125
 0 0.25 0.5419921875 0.0703125 0.068359375
 0 0.2939453125 0.5302734375 0.033203125 0.037109375
 0 0.4169921875 0.5400390625 0.068359375 0.091796875
 4 0.40234375 0.4267578125 0.015625 0.033203125
 4 0.40234375 0.423828125 0.01171875 0.02734375
 4 0.447265625 0.421875 0.01171875 0.03125
 4 0.4482421875 0.423828125 0.013671875 0.02734375
 0 0.4921875 0.5244140625 0.03515625 0.041015625
 4 0.509765625 0.4736328125 0.0078125 0.029296875
 0 0.6181640625 0.513671875 0.072265625 0.05859375
 0 0.78125 0.5341796875 0.1015625 0.099609375