
 1 0.0673828125 0.544921875 0.017578125 0.08203125
 1 0.0693359375 0.5458984375 0.021484375 0.083984375
 0 0.123046875 0.5537109375 0.078125 0.103515625
 0 0.2275390625 0.548828125 0.080078125 0.1171875
 0 0.2822265625 0.529296875 0.021484375 0.046875
 0 0.4013671875 0.513671875 0.017578125 0.04296875
 0 0.4345703125 0.5205078125 0.052734375 0.064453125
 1 0.490234375 0.513671875 0.0234375 0.10546875
 1 0.48828125 0.5244140625 0.01953125 0.115234375
 1 0.5166015625 0.5146484375 0.017578125 0.126953125
 1 0.5771484375 0.4990234375 0.021484375 0.095703125
 4 0.5810546875 0.30859375 0.029296875 0.09375
 1 0.58203125 0.5068359375 0.015625 0.103515625
 1 0.6005859375 0.4970703125 0.021484375 0.095703125
 1 0.5986328125 0.49609375 0.017578125 0.10546875
 1 0.6181640625 0.4970703125 0.021484375 0.111328125
 1 0.8330078125 0.498046875 0.025390625 0.14453125
 1 0.8349609375 0.4921875 0.025390625 0.15234375
 1 0.8330078125 0.4892578125 0.017578125 0.146484375
 1 0.84375 0.4716796875 0.0234375 0.134765625
 1 0.8505859375 0.498046875 0.029296875 0.1484375
 1 0.880859375 0.490234375 0.03125 0.1640625
 1 0.916015625 0.4814453125 0.01953125 0.134765625
 1 0.91796875 0.48046875 0.015625 0.15234375
 1 0.92578125 0.486328125 0.015625 0.15234375
 1 0.9375 0.490234375 0.03125 0.18359375
 1 0.935546875 0.48046875 0.0234375 0.14453125