
 0 0.5244140625 0.5419921875 0.126953125 0.111328125
 1 0.873046875 0.4677734375 0.01953125 0.068359375
 1 0.814453125 0.478515625 0.01953125 0.06640625
 0 0.009765625 0.580078125 0.01953125 0.08984375
 0 0.0302734375 0.5595703125 0.056640625 0.107421875
 0 0.095703125 0.546875 0.05078125 0.0546875
 0 0.1328125 0.537109375 0.0234375 0.03125
 0 0.24609375 0.5263671875 0.03125 0.041015625
 0 0.322265625 0.5419921875 0.08984375 0.119140625
 0 0.416015625 0.5263671875 0.0703125 0.087890625
 0 0.4521484375 0.5283203125 0.060546875 0.076171875
 1 0.5888671875 0.5029296875 0.021484375 0.080078125
 0 0.8701171875 0.53125 0.255859375 0.29296875