
 0 0.087890625 0.5458984375 0.171875 0.158203125
 0 0.232421875 0.5419921875 0.140625 0.134765625
 0 0.31640625 0.5087890625 0.08984375 0.068359375
 0 0.33203125 0.5166015625 0.05859375 0.076171875
 0 0.416015625 0.505859375 0.05859375 0.0703125
 0 0.416015625 0.5009765625 0.0546875 0.044921875
 0 0.4716796875 0.5 0.099609375 0.06640625
 0 0.611328125 0.50390625 0.11328125 0.08203125
 0 0.6875 0.484375 0.07421875 0.04296875
 0 0.6904296875 0.4765625 0.072265625 0.078125
 0 0.7138671875 0.5390625 0.044921875 0.13671875
 0 0.8330078125 0.5556640625 0.248046875 0.291015625