
 0 0.0185546875 0.546875 0.037109375 0.04296875
 0 0.0859375 0.5458984375 0.0703125 0.068359375
 0 0.126953125 0.544921875 0.04296875 0.04296875
 0 0.1337890625 0.544921875 0.033203125 0.05859375
 0 0.36328125 0.537109375 0.09375 0.12890625
 4 0.3623046875 0.4609375 0.013671875 0.03125
 4 0.3642578125 0.4609375 0.017578125 0.02734375
 0 0.4208984375 0.5361328125 0.037109375 0.083984375
 4 0.427734375 0.4248046875 0.015625 0.041015625
 4 0.4287109375 0.4267578125 0.009765625 0.029296875
 4 0.4580078125 0.4697265625 0.013671875 0.048828125
 4 0.4560546875 0.466796875 0.009765625 0.03125
 0 0.4921875 0.521484375 0.0703125 0.03515625
 4 0.50390625 0.4423828125 0.015625 0.056640625
 4 0.5029296875 0.4404296875 0.009765625 0.037109375
 0 0.6103515625 0.5478515625 0.130859375 0.134765625
 0 0.8681640625 0.587890625 0.259765625 0.4453125