
 2 0.6884765625 0.4951171875 0.009765625 0.037109375
 4 0.072265625 0.0849609375 0.109375 0.158203125
 0 0.248046875 0.517578125 0.125 0.1015625
 0 0.3896484375 0.5029296875 0.056640625 0.060546875
 0 0.3955078125 0.50390625 0.064453125 0.06640625
 0 0.447265625 0.494140625 0.03515625 0.04296875
 0 0.4814453125 0.5 0.021484375 0.03515625
 0 0.4833984375 0.501953125 0.021484375 0.03125
 4 0.5703125 0.0283203125 0.02734375 0.056640625
 4 0.56640625 0.361328125 0.015625 0.05078125
 4 0.65234375 0.3564453125 0.015625 0.041015625
 4 0.724609375 0.4140625 0.015625 0.046875
 0 0.7900390625 0.50390625 0.119140625 0.1484375
 4 0.80078125 0.07421875 0.02734375 0.08984375
 0 0.8955078125 0.5029296875 0.103515625 0.138671875
 0 0.970703125 0.544921875 0.04296875 0.16796875