
 0 0.072265625 0.5634765625 0.14453125 0.146484375
 0 0.1875 0.5693359375 0.19921875 0.142578125
 0 0.3291015625 0.5185546875 0.130859375 0.138671875
 0 0.42578125 0.515625 0.078125 0.08984375
 0 0.509765625 0.5009765625 0.09765625 0.099609375
 0 0.5615234375 0.4990234375 0.052734375 0.068359375
 0 0.654296875 0.4765625 0.0703125 0.08203125
 3 0.654296875 0.4755859375 0.0703125 0.083984375
 1 0.734375 0.4853515625 0.0234375 0.060546875
 1 0.8330078125 0.470703125 0.017578125 0.0703125
 1 0.8349609375 0.46875 0.005859375 0.06640625
 1 0.8642578125 0.46875 0.025390625 0.06640625