
 1 0.18359375 0.533203125 0.01953125 0.0703125
 1 0.041015625 0.544921875 0.015625 0.06640625
 1 0.08203125 0.541015625 0.01171875 0.07421875
 4 0.056640625 0.435546875 0.015625 0.046875
 2 0.1123046875 0.537109375 0.056640625 0.0859375
 0 0.1728515625 0.525390625 0.087890625 0.07421875
 1 0.21875 0.529296875 0.01171875 0.06640625
 0 0.24609375 0.515625 0.0625 0.05859375
 0 0.244140625 0.5341796875 0.05859375 0.044921875
 1 0.2392578125 0.5224609375 0.017578125 0.060546875
 1 0.28515625 0.513671875 0.0234375 0.07421875
 3 0.330078125 0.48046875 0.09765625 0.14453125
 4 0.44921875 0.3203125 0.01953125 0.0546875
 0 0.623046875 0.5224609375 0.32421875 0.177734375
 4 0.5205078125 0.3251953125 0.021484375 0.068359375
 4 0.658203125 0.4072265625 0.01953125 0.060546875