
 0 0.94921875 0.6748046875 0.1015625 0.439453125
 0 0.154296875 0.451171875 0.30859375 0.4921875
 3 0.158203125 0.4541015625 0.3046875 0.466796875
 0 0.330078125 0.482421875 0.03515625 0.0390625
 3 0.373046875 0.4716796875 0.0546875 0.087890625
 0 0.373046875 0.4736328125 0.0546875 0.080078125
 0 0.404296875 0.5 0.0546875 0.0859375
 0 0.4638671875 0.4853515625 0.029296875 0.041015625
 0 0.462890625 0.4853515625 0.02734375 0.041015625
 0 0.501953125 0.505859375 0.046875 0.0625
 0 0.6796875 0.4931640625 0.0390625 0.056640625