
 0 0.1318359375 0.453125 0.052734375 0.0703125
 0 0.1259765625 0.46484375 0.037109375 0.03515625
 0 0.173828125 0.458984375 0.02734375 0.03125
 0 0.1767578125 0.458984375 0.029296875 0.02734375
 0 0.2119140625 0.46875 0.037109375 0.04296875
 0 0.212890625 0.4697265625 0.0390625 0.037109375
 0 0.263671875 0.4638671875 0.04296875 0.044921875
 0 0.2666015625 0.4658203125 0.033203125 0.041015625
 0 0.298828125 0.4619140625 0.0234375 0.044921875
 0 0.3037109375 0.462890625 0.029296875 0.0390625
 4 0.44140625 0.3486328125 0.01953125 0.044921875
 0 0.5048828125 0.486328125 0.052734375 0.05078125
 4 0.5107421875 0.349609375 0.013671875 0.0390625
 4 0.5166015625 0.3447265625 0.025390625 0.033203125
 0 0.6015625 0.4853515625 0.078125 0.072265625
 4 0.583984375 0.369140625 0.01953125 0.0390625
 4 0.5859375 0.375 0.01171875 0.03515625
 0 0.68359375 0.4716796875 0.03125 0.025390625
 4 0.7080078125 0.3759765625 0.017578125 0.033203125
 4 0.7099609375 0.390625 0.013671875 0.0546875
 2 0.8564453125 0.498046875 0.044921875 0.06640625