
 0 0.1162109375 0.552734375 0.107421875 0.12109375
 0 0.1171875 0.5537109375 0.09375 0.115234375
 0 0.171875 0.5625 0.03125 0.08984375
 0 0.205078125 0.54296875 0.046875 0.078125
 0 0.2294921875 0.548828125 0.033203125 0.08203125
 0 0.33984375 0.537109375 0.046875 0.05078125
 3 0.396484375 0.5234375 0.04296875 0.08984375
 0 0.4111328125 0.544921875 0.033203125 0.07421875
 0 0.4404296875 0.5263671875 0.076171875 0.123046875
 0 0.4345703125 0.5302734375 0.052734375 0.130859375
 0 0.4775390625 0.5546875 0.091796875 0.11328125
 0 0.6767578125 0.60546875 0.302734375 0.296875