
 0 0.076171875 0.4931640625 0.15234375 0.111328125
 0 0.1826171875 0.51171875 0.083984375 0.05859375
 4 0.310546875 0.408203125 0.015625 0.05859375
 4 0.3125 0.416015625 0.01953125 0.0390625
 0 0.43359375 0.482421875 0.03515625 0.05078125
 0 0.509765625 0.484375 0.03125 0.04296875
 4 0.544921875 0.33203125 0.01953125 0.03125
 4 0.5458984375 0.3173828125 0.017578125 0.048828125
 0 0.6552734375 0.5341796875 0.162109375 0.236328125
 4 0.64453125 0.40234375 0.01171875 0.04296875
 4 0.7099609375 0.3427734375 0.025390625 0.076171875
 4 0.7099609375 0.359375 0.017578125 0.04296875
 0 0.8857421875 0.576171875 0.228515625 0.328125