
 2 0.1201171875 0.4755859375 0.021484375 0.080078125
 0 0.20703125 0.4794921875 0.08203125 0.091796875
 0 0.26953125 0.4775390625 0.05859375 0.064453125
 0 0.3408203125 0.5078125 0.189453125 0.09765625
 0 0.3310546875 0.4921875 0.080078125 0.09375
 4 0.3955078125 0.2119140625 0.017578125 0.068359375
 4 0.501953125 0.220703125 0.0234375 0.0703125
 4 0.501953125 0.2109375 0.015625 0.046875
 4 0.6123046875 0.2333984375 0.017578125 0.068359375
 4 0.8037109375 0.3466796875 0.013671875 0.052734375
 4 0.8076171875 0.3408203125 0.017578125 0.052734375