
 0 0.0546875 0.591796875 0.08984375 0.1015625
 0 0.15234375 0.58984375 0.125 0.14453125
 1 0.23046875 0.5673828125 0.078125 0.197265625
 1 0.236328125 0.5732421875 0.04296875 0.162109375
 0 0.2373046875 0.5595703125 0.044921875 0.103515625
 0 0.263671875 0.5546875 0.015625 0.04296875
 0 0.2880859375 0.5478515625 0.017578125 0.037109375
 0 0.345703125 0.5341796875 0.03125 0.041015625
 0 0.3427734375 0.5380859375 0.021484375 0.037109375
 0 0.4140625 0.53515625 0.02734375 0.05859375
 0 0.47265625 0.5458984375 0.0859375 0.123046875
 1 0.783203125 0.43359375 0.02734375 0.01953125
 1 0.787109375 0.4345703125 0.01953125 0.025390625