
 1 0.44921875 0.5302734375 0.015625 0.064453125
 2 0.6103515625 0.5146484375 0.041015625 0.126953125
 0 0.1689453125 0.525390625 0.048828125 0.0625
 0 0.2109375 0.5244140625 0.03515625 0.037109375
 4 0.23828125 0.3798828125 0.01953125 0.048828125
 3 0.2890625 0.484375 0.08984375 0.16796875
 4 0.345703125 0.4443359375 0.015625 0.037109375
 0 0.3896484375 0.5615234375 0.099609375 0.115234375
 1 0.470703125 0.5224609375 0.01953125 0.083984375
 1 0.5263671875 0.521484375 0.025390625 0.09765625
 2 0.546875 0.5234375 0.03515625 0.10546875