
 0 0.1572265625 0.5 0.041015625 0.05859375
 0 0.2080078125 0.5 0.048828125 0.04296875
 0 0.2099609375 0.4990234375 0.037109375 0.037109375
 0 0.2646484375 0.4912109375 0.064453125 0.083984375
 0 0.26953125 0.494140625 0.05859375 0.07421875
 4 0.27734375 0.27734375 0.01953125 0.0546875
 0 0.3232421875 0.490234375 0.037109375 0.04296875
 0 0.32421875 0.490234375 0.03515625 0.03515625
 4 0.369140625 0.28125 0.01953125 0.05078125
 4 0.3720703125 0.2978515625 0.017578125 0.025390625
 4 0.447265625 0.310546875 0.01953125 0.0390625
 4 0.4462890625 0.2978515625 0.013671875 0.041015625
 0 0.587890625 0.4892578125 0.03125 0.056640625
 4 0.595703125 0.400390625 0.015625 0.03125
 4 0.599609375 0.3916015625 0.01953125 0.044921875
 0 0.640625 0.4794921875 0.07421875 0.052734375