
 0 0.1435546875 0.5595703125 0.095703125 0.076171875
 1 0.123046875 0.5205078125 0.01953125 0.029296875
 1 0.123046875 0.5185546875 0.01171875 0.025390625
 0 0.2021484375 0.5400390625 0.044921875 0.083984375
 0 0.240234375 0.53515625 0.04296875 0.05859375
 1 0.37890625 0.5185546875 0.01171875 0.037109375
 0 0.42578125 0.541015625 0.0703125 0.0859375
 1 0.4765625 0.5185546875 0.0078125 0.041015625
 0 0.64453125 0.55078125 0.15234375 0.16015625
 1 0.7099609375 0.4794921875 0.025390625 0.064453125
 1 0.7744140625 0.4833984375 0.037109375 0.091796875