
 1 0.4853515625 0.5146484375 0.005859375 0.037109375
 1 0.478515625 0.5166015625 0.0078125 0.037109375
 4 0.0673828125 0.482421875 0.013671875 0.046875
 0 0.1962890625 0.552734375 0.080078125 0.0859375
 4 0.296875 0.3896484375 0.01953125 0.048828125
 0 0.33984375 0.52734375 0.0625 0.08203125
 4 0.3623046875 0.384765625 0.017578125 0.04296875
 4 0.3642578125 0.376953125 0.021484375 0.05078125
 0 0.404296875 0.51953125 0.02734375 0.0390625
 4 0.466796875 0.4501953125 0.0234375 0.037109375
 4 0.466796875 0.451171875 0.01171875 0.04296875
 0 0.6123046875 0.490234375 0.052734375 0.05859375