
 4 0.3193359375 0.400390625 0.017578125 0.046875
 4 0.3173828125 0.39453125 0.013671875 0.0234375
 0 0.373046875 0.4833984375 0.0234375 0.037109375
 0 0.4404296875 0.4794921875 0.037109375 0.037109375
 4 0.46484375 0.32421875 0.01953125 0.046875
 4 0.466796875 0.3134765625 0.015625 0.029296875
 0 0.4775390625 0.48046875 0.029296875 0.03125
 0 0.5419921875 0.4599609375 0.080078125 0.080078125
 4 0.5615234375 0.38671875 0.013671875 0.02734375
 4 0.564453125 0.3916015625 0.015625 0.044921875
 4 0.6259765625 0.3154296875 0.017578125 0.041015625
 0 0.7509765625 0.4619140625 0.060546875 0.064453125