
 0 0.142578125 0.59375 0.25 0.234375
 0 0.4111328125 0.5478515625 0.083984375 0.107421875
 4 0.400390625 0.42578125 0.01171875 0.0234375
 4 0.4013671875 0.427734375 0.009765625 0.03125
 4 0.4443359375 0.431640625 0.009765625 0.02734375
 4 0.4443359375 0.431640625 0.009765625 0.0234375
 4 0.48828125 0.4794921875 0.01171875 0.029296875
 4 0.4990234375 0.466796875 0.009765625 0.03515625
 4 0.4990234375 0.4677734375 0.009765625 0.033203125
 1 0.513671875 0.533203125 0.01171875 0.0625
 1 0.5126953125 0.5361328125 0.009765625 0.064453125
 1 0.5234375 0.5322265625 0.01171875 0.064453125
 1 0.5263671875 0.5322265625 0.009765625 0.064453125
 1 0.537109375 0.53125 0.01171875 0.06640625
 1 0.537109375 0.529296875 0.01171875 0.05859375
 1 0.548828125 0.525390625 0.015625 0.0625
 1 0.55078125 0.52734375 0.01171875 0.06640625