
 0 0.3857421875 0.5185546875 0.013671875 0.017578125
 3 0.068359375 0.5224609375 0.13671875 0.091796875
 4 0.3603515625 0.208984375 0.029296875 0.0859375
 0 0.42578125 0.51953125 0.046875 0.05078125
 0 0.4248046875 0.517578125 0.029296875 0.0390625
 4 0.59765625 0.3671875 0.02734375 0.08203125
 1 0.7294921875 0.521484375 0.033203125 0.12109375
 1 0.7255859375 0.5234375 0.025390625 0.12109375
 1 0.7548828125 0.5244140625 0.033203125 0.115234375
 1 0.7548828125 0.5244140625 0.029296875 0.123046875
 1 0.8349609375 0.5361328125 0.064453125 0.212890625
 1 0.9423828125 0.5576171875 0.064453125 0.271484375
 4 0.970703125 0.0810546875 0.05859375 0.158203125