
 0 0.052734375 0.548828125 0.046875 0.05859375
 4 0.1181640625 0.4287109375 0.013671875 0.037109375
 0 0.1572265625 0.54296875 0.037109375 0.0546875
 0 0.1591796875 0.5400390625 0.033203125 0.044921875
 0 0.2109375 0.541015625 0.0625 0.10546875
 4 0.2119140625 0.4404296875 0.017578125 0.033203125
 4 0.2158203125 0.4326171875 0.013671875 0.037109375
 0 0.275390625 0.5458984375 0.03515625 0.044921875
 3 0.33203125 0.494140625 0.08984375 0.16796875
 0 0.3876953125 0.5654296875 0.095703125 0.115234375
 0 0.7041015625 0.5771484375 0.306640625 0.298828125