
 0 0.07421875 0.5283203125 0.140625 0.068359375
 0 0.439453125 0.515625 0.01953125 0.046875
 0 0.462890625 0.51953125 0.02734375 0.03515625
 0 0.515625 0.5107421875 0.02734375 0.037109375
 4 0.55859375 0.380859375 0.015625 0.05078125
 4 0.6484375 0.37890625 0.01953125 0.05078125
 4 0.73046875 0.427734375 0.01953125 0.0546875
 0 0.8251953125 0.5166015625 0.044921875 0.044921875
 4 0.830078125 0.0556640625 0.0390625 0.111328125
 4 0.83203125 0.052734375 0.02734375 0.09375
 0 0.8681640625 0.5166015625 0.068359375 0.044921875
 0 0.9306640625 0.5126953125 0.087890625 0.041015625
 1 0.9892578125 0.529296875 0.017578125 0.06640625