
 0 0.123046875 0.5537109375 0.078125 0.103515625
 1 0.16796875 0.5478515625 0.0234375 0.146484375
 1 0.171875 0.5478515625 0.015625 0.130859375
 1 0.1845703125 0.5400390625 0.021484375 0.158203125
 0 0.2275390625 0.548828125 0.080078125 0.1171875
 1 0.3095703125 0.5361328125 0.029296875 0.130859375
 1 0.3095703125 0.537109375 0.025390625 0.125
 1 0.3134765625 0.5361328125 0.025390625 0.126953125
 1 0.3671875 0.5302734375 0.02734375 0.130859375
 1 0.38671875 0.5283203125 0.02734375 0.134765625
 0 0.4345703125 0.5205078125 0.052734375 0.064453125
 1 0.431640625 0.5224609375 0.03515625 0.146484375
 1 0.5224609375 0.509765625 0.017578125 0.09375
 1 0.521484375 0.5 0.015625 0.078125
 4 0.58203125 0.3076171875 0.02734375 0.091796875
 1 0.89453125 0.4814453125 0.03515625 0.138671875
 1 0.8955078125 0.478515625 0.025390625 0.14453125
 1 0.9345703125 0.4814453125 0.033203125 0.142578125
 1 0.9658203125 0.4814453125 0.029296875 0.158203125
 1 0.962890625 0.4765625 0.0234375 0.140625
 1 0.9921875 0.4658203125 0.01171875 0.138671875