
 0 0.8828125 0.634765625 0.23046875 0.36328125
 0 0.126953125 0.5458984375 0.25390625 0.318359375
 0 0.2734375 0.50390625 0.03125 0.04296875
 0 0.31640625 0.4990234375 0.0390625 0.041015625
 0 0.3193359375 0.5029296875 0.037109375 0.044921875
 0 0.3505859375 0.498046875 0.029296875 0.04296875
 0 0.4111328125 0.4951171875 0.056640625 0.076171875
 0 0.4599609375 0.49609375 0.037109375 0.046875
 0 0.5068359375 0.4853515625 0.021484375 0.021484375
 0 0.55078125 0.4970703125 0.03125 0.041015625
 0 0.5888671875 0.509765625 0.064453125 0.0703125
 0 0.7568359375 0.484375 0.123046875 0.1015625