
 0 0.1201171875 0.537109375 0.052734375 0.05859375
 0 0.1572265625 0.537109375 0.044921875 0.05859375
 0 0.212890625 0.53125 0.03125 0.046875
 0 0.2548828125 0.529296875 0.033203125 0.0390625
 0 0.2568359375 0.52734375 0.037109375 0.03125
 0 0.3818359375 0.5625 0.189453125 0.25390625
 0 0.4658203125 0.5341796875 0.041015625 0.111328125
 0 0.517578125 0.51953125 0.046875 0.05859375
 0 0.5166015625 0.5234375 0.037109375 0.0546875
 1 0.5478515625 0.515625 0.025390625 0.078125
 1 0.5517578125 0.51953125 0.017578125 0.0703125
 0 0.6240234375 0.4990234375 0.056640625 0.056640625
 0 0.86328125 0.57421875 0.26953125 0.3828125