
 0 0.0927734375 0.517578125 0.080078125 0.04296875
 3 0.2265625 0.4609375 0.18359375 0.2734375
 0 0.2255859375 0.4609375 0.169921875 0.2578125
 0 0.4033203125 0.498046875 0.056640625 0.0703125
 3 0.451171875 0.4619140625 0.03515625 0.060546875
 0 0.451171875 0.4736328125 0.03515625 0.048828125
 0 0.462890625 0.4853515625 0.02734375 0.044921875
 0 0.498046875 0.4833984375 0.03515625 0.056640625
 1 0.73828125 0.486328125 0.02734375 0.11328125
 0 0.8095703125 0.4404296875 0.060546875 0.041015625
 0 0.8828125 0.431640625 0.0625 0.05078125