
 0 0.1044921875 0.486328125 0.208984375 0.67578125
 3 0.1064453125 0.4833984375 0.205078125 0.615234375
 0 0.322265625 0.513671875 0.05859375 0.07421875
 4 0.3447265625 0.3095703125 0.017578125 0.068359375
 0 0.37109375 0.505859375 0.05078125 0.06640625
 0 0.4990234375 0.609375 0.255859375 0.35546875
 4 0.470703125 0.24609375 0.0234375 0.0703125
 2 0.6552734375 0.5048828125 0.037109375 0.087890625
 4 0.654296875 0.3779296875 0.01953125 0.052734375
 0 0.8076171875 0.58203125 0.287109375 0.2734375
 0 0.9560546875 0.5166015625 0.080078125 0.091796875
 0 0.95703125 0.5166015625 0.08203125 0.142578125