
 1 0.9345703125 0.5224609375 0.056640625 0.115234375
 1 0.8955078125 0.5087890625 0.037109375 0.162109375
 0 0.1103515625 0.5625 0.162109375 0.15625
 1 0.1923828125 0.5517578125 0.021484375 0.076171875
 4 0.193359375 0.4248046875 0.01953125 0.064453125
 1 0.1982421875 0.5546875 0.025390625 0.07421875
 0 0.2880859375 0.54296875 0.056640625 0.0703125
 0 0.3955078125 0.6103515625 0.193359375 0.224609375
 0 0.3447265625 0.5341796875 0.060546875 0.095703125
 0 0.5048828125 0.55078125 0.146484375 0.15625
 4 0.5126953125 0.400390625 0.017578125 0.05859375
 1 0.595703125 0.5556640625 0.04296875 0.185546875
 1 0.6142578125 0.546875 0.017578125 0.1875
 1 0.63671875 0.548828125 0.03125 0.15234375
 1 0.68359375 0.5380859375 0.02734375 0.169921875
 1 0.708984375 0.5380859375 0.03125 0.154296875
 1 0.708984375 0.5341796875 0.02734375 0.154296875
 0 0.81640625 0.521484375 0.09375 0.10546875