
 1 0.595703125 0.4892578125 0.0078125 0.044921875
 0 0.123046875 0.51953125 0.078125 0.08984375
 0 0.1943359375 0.5 0.080078125 0.078125
 0 0.2822265625 0.5244140625 0.130859375 0.134765625
 4 0.2392578125 0.1904296875 0.033203125 0.087890625
 4 0.2412109375 0.19140625 0.025390625 0.0859375
 4 0.3623046875 0.19140625 0.021484375 0.078125
 0 0.458984375 0.4951171875 0.03125 0.041015625
 0 0.4912109375 0.5 0.060546875 0.078125
 4 0.6689453125 0.3525390625 0.017578125 0.056640625
 0 0.8095703125 0.494140625 0.130859375 0.08203125
 0 0.8818359375 0.498046875 0.162109375 0.1171875