
 0 0.048828125 0.533203125 0.09765625 0.21484375
 0 0.1923828125 0.529296875 0.193359375 0.2265625
 4 0.25390625 0.3349609375 0.01953125 0.048828125
 0 0.302734375 0.498046875 0.0390625 0.046875
 0 0.4833984375 0.6513671875 0.396484375 0.474609375
 4 0.30859375 0.337890625 0.01953125 0.05078125
 4 0.3916015625 0.333984375 0.017578125 0.046875
 4 0.447265625 0.33984375 0.01953125 0.046875
 4 0.5673828125 0.4052734375 0.017578125 0.044921875
 0 0.8701171875 0.5419921875 0.248046875 0.376953125