
 3 0.0625 0.484375 0.125 0.18359375
 0 0.1201171875 0.564453125 0.107421875 0.11328125
 3 0.1806640625 0.5087890625 0.134765625 0.173828125
 0 0.185546875 0.498046875 0.1328125 0.12890625
 0 0.3232421875 0.599609375 0.212890625 0.26953125
 0 0.3994140625 0.5 0.150390625 0.22265625
 3 0.400390625 0.52734375 0.12890625 0.19140625
 0 0.509765625 0.5390625 0.05859375 0.0703125
 0 0.5849609375 0.5341796875 0.103515625 0.146484375
 0 0.6572265625 0.55859375 0.169921875 0.171875
 0 0.7509765625 0.4755859375 0.095703125 0.185546875
 3 0.7607421875 0.4970703125 0.103515625 0.181640625