
 0 0.3857421875 0.51953125 0.013671875 0.01953125
 0 0.0869140625 0.59375 0.169921875 0.1640625
 3 0.068359375 0.509765625 0.12109375 0.0546875
 4 0.361328125 0.20703125 0.03515625 0.0859375
 0 0.4267578125 0.525390625 0.048828125 0.0625
 0 0.427734375 0.5283203125 0.03515625 0.052734375
 4 0.5986328125 0.3623046875 0.029296875 0.087890625
 1 0.75 0.54296875 0.05859375 0.16796875
 1 0.8037109375 0.51953125 0.029296875 0.12109375
 1 0.833984375 0.552734375 0.0390625 0.203125
 1 0.890625 0.54296875 0.05078125 0.203125
 4 0.9560546875 0.0869140625 0.083984375 0.169921875