
 3 0.060546875 0.486328125 0.12109375 0.17578125
 3 0.05859375 0.4931640625 0.1171875 0.185546875
 0 0.1748046875 0.46875 0.115234375 0.12109375
 3 0.18359375 0.478515625 0.12890625 0.1171875
 0 0.1884765625 0.5556640625 0.095703125 0.142578125
 0 0.302734375 0.6044921875 0.2265625 0.287109375
 3 0.40234375 0.52734375 0.12890625 0.19140625
 0 0.43359375 0.5205078125 0.078125 0.259765625
 0 0.5087890625 0.5361328125 0.056640625 0.076171875
 0 0.53125 0.533203125 0.02734375 0.109375
 0 0.5859375 0.53125 0.10546875 0.15234375
 0 0.654296875 0.55859375 0.171875 0.171875
 3 0.7568359375 0.490234375 0.103515625 0.1875