
 0 0.03515625 0.5537109375 0.03515625 0.044921875
 0 0.109375 0.54296875 0.05078125 0.06640625
 1 0.140625 0.54296875 0.015625 0.046875
 0 0.2626953125 0.529296875 0.037109375 0.046875
 0 0.40625 0.5595703125 0.1484375 0.173828125
 0 0.50390625 0.51953125 0.0390625 0.04296875
 0 0.546875 0.509765625 0.04296875 0.0625
 3 0.544921875 0.51171875 0.03125 0.05078125
 0 0.6484375 0.533203125 0.0625 0.078125
 0 0.8544921875 0.5224609375 0.037109375 0.041015625
 0 0.8544921875 0.525390625 0.029296875 0.0390625