
 0 0.923828125 0.5283203125 0.15234375 0.087890625
 0 0.2392578125 0.54296875 0.060546875 0.07421875
 4 0.2841796875 0.3154296875 0.025390625 0.060546875
 4 0.283203125 0.3134765625 0.015625 0.048828125
 0 0.3603515625 0.537109375 0.048828125 0.06640625
 4 0.3896484375 0.3173828125 0.013671875 0.052734375
 0 0.4267578125 0.53125 0.072265625 0.09765625
 4 0.5546875 0.427734375 0.01171875 0.04296875
 1 0.6357421875 0.5263671875 0.017578125 0.087890625
 1 0.6630859375 0.5302734375 0.025390625 0.095703125
 3 0.8720703125 0.462890625 0.251953125 0.20703125