
 0 0.0498046875 0.537109375 0.099609375 0.16796875
 0 0.19140625 0.5322265625 0.18359375 0.212890625
 4 0.25390625 0.33203125 0.01953125 0.03125
 4 0.25390625 0.33984375 0.015625 0.046875
 0 0.4833984375 0.6416015625 0.388671875 0.462890625
 4 0.310546875 0.33203125 0.01953125 0.05078125
 0 0.3193359375 0.494140625 0.041015625 0.04296875
 4 0.310546875 0.3251953125 0.01953125 0.029296875
 4 0.390625 0.3369140625 0.015625 0.044921875
 4 0.4501953125 0.333984375 0.021484375 0.046875
 4 0.5693359375 0.392578125 0.017578125 0.03515625
 0 0.8359375 0.515625 0.13671875 0.16796875