
 0 0.1044921875 0.48046875 0.208984375 0.29296875
 3 0.1015625 0.4892578125 0.203125 0.263671875
 0 0.0556640625 0.5029296875 0.060546875 0.103515625
 4 0.12109375 0.2802734375 0.03125 0.091796875
 4 0.119140625 0.2646484375 0.0234375 0.064453125
 4 0.2060546875 0.271484375 0.017578125 0.06640625
 4 0.2119140625 0.2734375 0.025390625 0.08203125
 0 0.3466796875 0.5166015625 0.119140625 0.169921875
 4 0.3427734375 0.26953125 0.033203125 0.08203125
 4 0.3427734375 0.2763671875 0.017578125 0.056640625
 4 0.4365234375 0.2900390625 0.033203125 0.076171875
 4 0.4384765625 0.2783203125 0.025390625 0.076171875
 0 0.498046875 0.5380859375 0.08203125 0.107421875
 4 0.6396484375 0.392578125 0.029296875 0.078125
 4 0.6357421875 0.4013671875 0.017578125 0.064453125