
 0 0.197265625 0.5478515625 0.05859375 0.052734375
 0 0.1982421875 0.5546875 0.060546875 0.06640625
 0 0.33203125 0.5341796875 0.03125 0.041015625
 0 0.376953125 0.5400390625 0.04296875 0.060546875
 0 0.3779296875 0.5400390625 0.041015625 0.048828125
 0 0.43359375 0.5361328125 0.03515625 0.041015625
 0 0.4365234375 0.5400390625 0.037109375 0.048828125
 2 0.484375 0.5302734375 0.01953125 0.072265625
 0 0.5224609375 0.533203125 0.044921875 0.08984375
 0 0.556640625 0.55078125 0.04296875 0.11328125
 0 0.630859375 0.53515625 0.13671875 0.15625