
 0 0.021484375 0.587890625 0.04296875 0.09765625
 0 0.0859375 0.5771484375 0.0859375 0.095703125
 0 0.15625 0.5703125 0.05859375 0.06640625
 0 0.2373046875 0.5576171875 0.033203125 0.056640625
 0 0.234375 0.560546875 0.02734375 0.03125
 0 0.3349609375 0.5830078125 0.154296875 0.177734375
 0 0.6494140625 0.52734375 0.060546875 0.0703125
 1 0.64453125 0.5048828125 0.015625 0.025390625
 0 0.6943359375 0.521484375 0.060546875 0.07421875
 0 0.75 0.515625 0.1171875 0.0703125
 0 0.8662109375 0.5126953125 0.197265625 0.142578125