
 0 0.0791015625 0.568359375 0.087890625 0.06640625
 0 0.076171875 0.5703125 0.078125 0.0703125
 0 0.1435546875 0.55859375 0.068359375 0.0546875
 0 0.1484375 0.5546875 0.0546875 0.0703125
 0 0.25390625 0.552734375 0.05859375 0.0703125
 0 0.3291015625 0.533203125 0.044921875 0.0546875
 0 0.3310546875 0.529296875 0.044921875 0.0546875
 0 0.4619140625 0.5966796875 0.259765625 0.294921875
 4 0.447265625 0.4296875 0.01171875 0.03515625
 0 0.62109375 0.4912109375 0.04296875 0.041015625
 1 0.705078125 0.513671875 0.01171875 0.09765625