
 0 0.0615234375 0.552734375 0.103515625 0.10546875
 3 0.173828125 0.5302734375 0.09765625 0.134765625
 4 0.2685546875 0.4072265625 0.029296875 0.080078125
 0 0.3623046875 0.5126953125 0.052734375 0.083984375
 0 0.384765625 0.4853515625 0.02734375 0.021484375
 0 0.4072265625 0.5009765625 0.033203125 0.048828125
 0 0.416015625 0.474609375 0.0234375 0.02734375
 0 0.4775390625 0.5234375 0.072265625 0.10546875
 0 0.5263671875 0.498046875 0.037109375 0.03125
 0 0.5673828125 0.5 0.052734375 0.0625
 0 0.646484375 0.51953125 0.0703125 0.06640625
 4 0.6376953125 0.2080078125 0.025390625 0.080078125
 0 0.7470703125 0.5380859375 0.103515625 0.080078125
 4 0.8544921875 0.3779296875 0.017578125 0.064453125
 1 0.8623046875 0.5185546875 0.017578125 0.091796875