
 2 0.677734375 0.4951171875 0.01171875 0.033203125
 4 0.072265625 0.0859375 0.109375 0.15625
 0 0.2099609375 0.517578125 0.138671875 0.11328125
 3 0.3349609375 0.48046875 0.103515625 0.08203125
 0 0.3779296875 0.5078125 0.068359375 0.06640625
 0 0.380859375 0.501953125 0.05859375 0.05859375
 0 0.4384765625 0.494140625 0.037109375 0.04296875
 0 0.4833984375 0.4970703125 0.033203125 0.037109375
 0 0.4814453125 0.5009765625 0.021484375 0.033203125
 4 0.5703125 0.0302734375 0.02734375 0.056640625
 4 0.56640625 0.3603515625 0.015625 0.052734375
 4 0.65234375 0.35546875 0.015625 0.04296875
 0 0.767578125 0.498046875 0.1015625 0.1171875
 4 0.7265625 0.4140625 0.015625 0.046875
 4 0.80078125 0.0751953125 0.02734375 0.091796875
 0 0.845703125 0.5068359375 0.08203125 0.111328125
 0 0.9189453125 0.513671875 0.142578125 0.16796875