
 3 0.05859375 0.4912109375 0.1171875 0.185546875
 3 0.0615234375 0.486328125 0.123046875 0.1796875
 0 0.1171875 0.5634765625 0.10546875 0.111328125
 0 0.173828125 0.46875 0.1171875 0.12109375
 3 0.1845703125 0.498046875 0.130859375 0.15625
 0 0.2900390625 0.6240234375 0.255859375 0.330078125
 3 0.40234375 0.52734375 0.12890625 0.19140625
 0 0.43359375 0.5205078125 0.078125 0.259765625
 0 0.5087890625 0.5380859375 0.056640625 0.080078125
 0 0.5322265625 0.533203125 0.029296875 0.109375
 0 0.5869140625 0.53125 0.107421875 0.15234375
 0 0.6552734375 0.5595703125 0.173828125 0.173828125
 3 0.755859375 0.4873046875 0.10546875 0.189453125