
 0 0.359375 0.521484375 0.04296875 0.0546875
 1 0.54296875 0.5029296875 0.01171875 0.068359375
 1 0.513671875 0.5 0.015625 0.06640625
 1 0.5283203125 0.5048828125 0.017578125 0.072265625
 1 0.044921875 0.5478515625 0.01953125 0.095703125
 1 0.0439453125 0.5478515625 0.017578125 0.091796875
 1 0.0576171875 0.544921875 0.013671875 0.07421875
 1 0.0732421875 0.544921875 0.017578125 0.1015625
 0 0.126953125 0.5556640625 0.078125 0.080078125
 0 0.2275390625 0.544921875 0.083984375 0.09375
 0 0.283203125 0.529296875 0.03125 0.06640625
 0 0.3095703125 0.5185546875 0.029296875 0.064453125
 0 0.435546875 0.521484375 0.046875 0.0546875
 4 0.58203125 0.3134765625 0.02734375 0.095703125
 0 0.7490234375 0.51171875 0.318359375 0.20703125
 1 0.9853515625 0.4775390625 0.025390625 0.154296875