
 4 0.060546875 0.0712890625 0.09765625 0.142578125
 0 0.4072265625 0.4970703125 0.119140625 0.068359375
 0 0.4501953125 0.501953125 0.021484375 0.046875
 0 0.474609375 0.5009765625 0.03515625 0.048828125
 4 0.564453125 0.3642578125 0.015625 0.048828125
 4 0.5703125 0.025390625 0.02734375 0.05078125
 4 0.6533203125 0.3583984375 0.017578125 0.056640625
 4 0.728515625 0.4140625 0.015625 0.05078125
 0 0.8193359375 0.4833984375 0.123046875 0.091796875
 4 0.8017578125 0.078125 0.029296875 0.10546875
 0 0.9208984375 0.4873046875 0.103515625 0.056640625
 0 0.916015625 0.4853515625 0.0859375 0.048828125