
 0 0.033203125 0.556640625 0.06640625 0.296875
 0 0.341796875 0.55078125 0.26953125 0.38671875
 4 0.431640625 0.3818359375 0.01171875 0.041015625
 4 0.4560546875 0.4150390625 0.013671875 0.044921875
 4 0.5166015625 0.412109375 0.013671875 0.0390625
 2 0.5283203125 0.5048828125 0.021484375 0.091796875
 4 0.6279296875 0.3271484375 0.017578125 0.060546875
 4 0.6318359375 0.33203125 0.021484375 0.0625
 0 0.8359375 0.4921875 0.09765625 0.0625
 0 0.8349609375 0.486328125 0.095703125 0.0390625