
 0 0.0986328125 0.5888671875 0.197265625 0.283203125
 0 0.34375 0.6396484375 0.296875 0.361328125
 0 0.220703125 0.541015625 0.0390625 0.0703125
 4 0.2763671875 0.28125 0.025390625 0.06640625
 4 0.3876953125 0.2861328125 0.025390625 0.076171875
 1 0.482421875 0.53125 0.0234375 0.06640625
 1 0.5595703125 0.5263671875 0.021484375 0.080078125
 4 0.564453125 0.416015625 0.02734375 0.078125
 1 0.5625 0.5234375 0.01953125 0.078125
 1 0.5810546875 0.521484375 0.017578125 0.08203125
 1 0.6298828125 0.56640625 0.083984375 0.2109375
 1 0.6005859375 0.52734375 0.021484375 0.0859375
 2 0.6513671875 0.5263671875 0.033203125 0.103515625
 1 0.705078125 0.5302734375 0.02734375 0.087890625
 1 0.7294921875 0.52734375 0.021484375 0.08984375
 1 0.791015625 0.51953125 0.0234375 0.10546875
 0 0.9521484375 0.5263671875 0.091796875 0.083984375