
 0 0.88671875 0.6201171875 0.2265625 0.302734375
 3 0.0302734375 0.49609375 0.060546875 0.10546875
 0 0.0283203125 0.51953125 0.056640625 0.05859375
 3 0.033203125 0.4619140625 0.05859375 0.060546875
 0 0.1591796875 0.4990234375 0.029296875 0.033203125
 0 0.2138671875 0.494140625 0.056640625 0.06640625
 0 0.337890625 0.4970703125 0.02734375 0.044921875
 0 0.3701171875 0.498046875 0.048828125 0.05078125
 0 0.431640625 0.4970703125 0.08984375 0.115234375
 0 0.5556640625 0.5009765625 0.103515625 0.126953125
 0 0.6416015625 0.51953125 0.158203125 0.15234375
 0 0.7998046875 0.490234375 0.064453125 0.078125