
 0 0.0654296875 0.6083984375 0.130859375 0.322265625
 0 0.1884765625 0.5791015625 0.146484375 0.146484375
 0 0.189453125 0.5859375 0.125 0.15625
 0 0.271484375 0.5517578125 0.09375 0.111328125
 0 0.2783203125 0.546875 0.068359375 0.09375
 0 0.32421875 0.54296875 0.0625 0.10546875
 0 0.32421875 0.5390625 0.05078125 0.0859375
 0 0.35546875 0.53515625 0.01953125 0.08203125
 0 0.375 0.5234375 0.046875 0.0703125
 0 0.3759765625 0.5234375 0.029296875 0.05859375
 0 0.431640625 0.54296875 0.05859375 0.078125
 0 0.6552734375 0.5419921875 0.115234375 0.111328125