
 0 0.1201171875 0.5 0.119140625 0.109375
 0 0.197265625 0.4921875 0.046875 0.06640625
 0 0.3701171875 0.5166015625 0.083984375 0.083984375
 0 0.462890625 0.4951171875 0.03515625 0.044921875
 4 0.5703125 0.0283203125 0.02734375 0.056640625
 4 0.5654296875 0.3603515625 0.013671875 0.052734375
 4 0.65234375 0.35546875 0.015625 0.0390625
 4 0.7255859375 0.408203125 0.013671875 0.04296875
 4 0.8017578125 0.072265625 0.025390625 0.08984375
 1 0.8662109375 0.482421875 0.021484375 0.0546875
 2 0.96484375 0.4921875 0.03125 0.1015625
 1 0.9921875 0.4814453125 0.01171875 0.083984375