
 1 0.4970703125 0.513671875 0.013671875 0.07421875
 1 0.4814453125 0.51171875 0.017578125 0.0703125
 1 0.6123046875 0.498046875 0.013671875 0.078125
 1 0.5947265625 0.505859375 0.013671875 0.0859375
 0 0.9150390625 0.587890625 0.169921875 0.33203125
 1 0.32421875 0.4990234375 0.015625 0.048828125
 0 0.2060546875 0.5556640625 0.134765625 0.146484375
 0 0.2724609375 0.51171875 0.044921875 0.05859375
 0 0.42578125 0.5361328125 0.0859375 0.123046875
 1 0.5771484375 0.50390625 0.021484375 0.0625
 0 0.7275390625 0.544921875 0.197265625 0.2734375