
 0 0.0654296875 0.5234375 0.130859375 0.25
 0 0.224609375 0.5126953125 0.15625 0.158203125
 0 0.2275390625 0.50390625 0.142578125 0.140625
 0 0.3154296875 0.4970703125 0.060546875 0.103515625
 0 0.322265625 0.4970703125 0.0625 0.123046875
 0 0.5947265625 0.4755859375 0.033203125 0.060546875
 3 0.62109375 0.4453125 0.03125 0.1484375
 3 0.6455078125 0.40625 0.064453125 0.3046875
 3 0.6669921875 0.400390625 0.095703125 0.28125
 3 0.7861328125 0.427734375 0.208984375 0.3203125
 0 0.78515625 0.4208984375 0.203125 0.298828125