
 0 0.046875 0.515625 0.09375 0.09375
 0 0.2646484375 0.498046875 0.033203125 0.046875
 0 0.3037109375 0.5234375 0.087890625 0.1171875
 0 0.3564453125 0.525390625 0.041015625 0.08203125
 0 0.40625 0.5068359375 0.04296875 0.048828125
 0 0.4560546875 0.51953125 0.056640625 0.08203125
 0 0.455078125 0.509765625 0.04296875 0.06640625
 0 0.6435546875 0.517578125 0.052734375 0.0625
 0 0.6474609375 0.5166015625 0.048828125 0.064453125
 0 0.7158203125 0.53125 0.107421875 0.10546875
 0 0.7158203125 0.53515625 0.091796875 0.09765625
 0 0.919921875 0.578125 0.16015625 0.26953125