
 0 0.095703125 0.5751953125 0.19140625 0.228515625
 0 0.0224609375 0.5322265625 0.037109375 0.041015625
 0 0.19921875 0.546875 0.046875 0.0625
 0 0.2451171875 0.53125 0.048828125 0.06640625
 0 0.408203125 0.5419921875 0.0546875 0.087890625
 0 0.4951171875 0.537109375 0.060546875 0.1171875
 0 0.5546875 0.5537109375 0.08984375 0.134765625
 0 0.6904296875 0.572265625 0.197265625 0.25
 0 0.7958984375 0.55078125 0.072265625 0.13671875
 1 0.87109375 0.5380859375 0.02734375 0.103515625
 1 0.869140625 0.537109375 0.01953125 0.0859375
 1 0.8935546875 0.541015625 0.029296875 0.12109375
 4 0.9482421875 0.0458984375 0.033203125 0.091796875