
 0 0.4140625 0.5341796875 0.1171875 0.072265625
 0 0.1162109375 0.546875 0.091796875 0.07421875
 0 0.2880859375 0.5458984375 0.185546875 0.126953125
 4 0.423828125 0.3193359375 0.01953125 0.060546875
 4 0.498046875 0.3173828125 0.0234375 0.064453125
 3 0.5224609375 0.48046875 0.060546875 0.1171875
 3 0.525390625 0.4833984375 0.05859375 0.123046875
 4 0.64453125 0.4140625 0.02734375 0.0703125
 2 0.884765625 0.5185546875 0.0703125 0.083984375
 2 0.8837890625 0.5146484375 0.052734375 0.087890625
 0 0.9423828125 0.7177734375 0.111328125 0.529296875