
 1 0.8544921875 0.560546875 0.033203125 0.0859375
 0 0.0322265625 0.626953125 0.060546875 0.15234375
 0 0.095703125 0.62890625 0.07421875 0.10546875
 0 0.1015625 0.62890625 0.07421875 0.09765625
 0 0.1494140625 0.5927734375 0.068359375 0.072265625
 0 0.1689453125 0.5654296875 0.091796875 0.087890625
 0 0.3125 0.5859375 0.19140625 0.23046875
 3 0.47265625 0.5166015625 0.12109375 0.236328125
 1 0.6162109375 0.57421875 0.044921875 0.14453125
 1 0.62890625 0.57421875 0.02734375 0.12890625
 1 0.7255859375 0.5810546875 0.068359375 0.189453125