
 0 0.0654296875 0.6337890625 0.130859375 0.333984375
 3 0.0751953125 0.501953125 0.146484375 0.14453125
 0 0.158203125 0.560546875 0.05859375 0.06640625
 0 0.30078125 0.65625 0.33203125 0.421875
 4 0.3388671875 0.2490234375 0.021484375 0.072265625
 3 0.4580078125 0.509765625 0.025390625 0.06640625
 4 0.4658203125 0.2802734375 0.021484375 0.068359375
 0 0.501953125 0.5419921875 0.06640625 0.083984375
 0 0.501953125 0.541015625 0.0625 0.08203125
 4 0.6416015625 0.3974609375 0.021484375 0.064453125
 1 0.6845703125 0.525390625 0.017578125 0.08203125
 1 0.7021484375 0.5185546875 0.021484375 0.087890625
 0 0.880859375 0.56640625 0.23828125 0.671875