
 0 0.2041015625 0.5966796875 0.345703125 0.478515625
 4 0.3466796875 0.41015625 0.021484375 0.0390625
 4 0.349609375 0.4228515625 0.015625 0.060546875
 0 0.416015625 0.568359375 0.08203125 0.19921875
 4 0.4716796875 0.3544921875 0.025390625 0.060546875
 4 0.47265625 0.3515625 0.015625 0.046875
 0 0.5 0.5244140625 0.0546875 0.060546875
 0 0.505859375 0.5244140625 0.03515625 0.041015625
 4 0.51953125 0.4296875 0.015625 0.0546875
 4 0.6787109375 0.3232421875 0.029296875 0.099609375
 0 0.8330078125 0.5390625 0.044921875 0.0625
 0 0.8779296875 0.541015625 0.068359375 0.06640625
 0 0.9345703125 0.5244140625 0.083984375 0.095703125