
 0 0.2783203125 0.521484375 0.087890625 0.08203125
 0 0.2822265625 0.515625 0.068359375 0.06640625
 0 0.3291015625 0.5048828125 0.056640625 0.087890625
 0 0.3359375 0.5068359375 0.05078125 0.080078125
 0 0.5380859375 0.5068359375 0.076171875 0.123046875
 0 0.603515625 0.4912109375 0.03125 0.056640625
 0 0.6259765625 0.498046875 0.037109375 0.078125
 0 0.662109375 0.501953125 0.08984375 0.10546875
 0 0.6591796875 0.50390625 0.080078125 0.1015625
 0 0.712890625 0.484375 0.04296875 0.06640625
 0 0.787109375 0.5322265625 0.15625 0.173828125