
 0 0.0888671875 0.548828125 0.177734375 0.15234375
 0 0.0986328125 0.5458984375 0.162109375 0.154296875
 1 0.185546875 0.5517578125 0.046875 0.150390625
 0 0.21484375 0.544921875 0.03125 0.05859375
 0 0.220703125 0.546875 0.03515625 0.07421875
 0 0.2470703125 0.5361328125 0.037109375 0.068359375
 0 0.328125 0.5263671875 0.05859375 0.087890625
 0 0.4404296875 0.5185546875 0.052734375 0.056640625
 0 0.5185546875 0.537109375 0.060546875 0.1796875
 0 0.6279296875 0.576171875 0.177734375 0.203125
 0 0.8779296875 0.4814453125 0.177734375 0.111328125
 0 0.841796875 0.484375 0.09375 0.109375
 0 0.9306640625 0.4853515625 0.126953125 0.111328125