
 0 0.91796875 0.4775390625 0.1640625 0.134765625
 0 0.919921875 0.6845703125 0.16015625 0.388671875
 0 0.02734375 0.5087890625 0.0546875 0.056640625
 4 0.1904296875 0.404296875 0.017578125 0.046875
 0 0.244140625 0.4951171875 0.07421875 0.083984375
 4 0.2314453125 0.4111328125 0.017578125 0.037109375
 4 0.2841796875 0.45703125 0.013671875 0.0390625
 0 0.38671875 0.4853515625 0.03515625 0.048828125
 0 0.4111328125 0.4892578125 0.056640625 0.076171875
 4 0.4609375 0.4443359375 0.01953125 0.037109375
 4 0.45703125 0.4443359375 0.01171875 0.029296875
 0 0.505859375 0.486328125 0.046875 0.0625
 0 0.5478515625 0.4951171875 0.025390625 0.060546875
 0 0.5732421875 0.501953125 0.029296875 0.0703125
 0 0.6064453125 0.5087890625 0.072265625 0.095703125
 0 0.6103515625 0.5087890625 0.068359375 0.080078125
 0 0.7451171875 0.5400390625 0.193359375 0.271484375