
 0 0.14453125 0.5224609375 0.05078125 0.048828125
 0 0.0712890625 0.5146484375 0.083984375 0.083984375
 0 0.2763671875 0.509765625 0.029296875 0.03515625
 0 0.3310546875 0.50390625 0.033203125 0.04296875
 4 0.3623046875 0.23828125 0.037109375 0.109375
 0 0.5 0.5478515625 0.140625 0.177734375
 4 0.5283203125 0.236328125 0.033203125 0.09375
 0 0.6103515625 0.482421875 0.029296875 0.046875
 0 0.611328125 0.48046875 0.0234375 0.046875
 0 0.771484375 0.5283203125 0.203125 0.228515625
 4 0.7138671875 0.2587890625 0.033203125 0.095703125
 4 0.8642578125 0.373046875 0.044921875 0.09375