
 0 0.025390625 0.568359375 0.05078125 0.0703125
 0 0.1708984375 0.5654296875 0.099609375 0.115234375
 0 0.23046875 0.5546875 0.04296875 0.0703125
 0 0.296875 0.54296875 0.109375 0.078125
 0 0.419921875 0.515625 0.02734375 0.03515625
 0 0.5029296875 0.5390625 0.029296875 0.0703125
 0 0.5458984375 0.5419921875 0.080078125 0.091796875
 1 0.6328125 0.515625 0.02734375 0.09375
 1 0.634765625 0.521484375 0.03125 0.10546875
 1 0.72265625 0.5400390625 0.04296875 0.154296875
 1 0.955078125 0.517578125 0.0546875 0.21484375
 1 0.9560546875 0.5234375 0.044921875 0.2109375