
 0 0.9658203125 0.6142578125 0.064453125 0.205078125
 0 0.1259765625 0.5595703125 0.025390625 0.041015625
 0 0.208984375 0.5517578125 0.17578125 0.193359375
 0 0.3837890625 0.53125 0.041015625 0.06640625
 0 0.43359375 0.5302734375 0.0546875 0.072265625
 0 0.4814453125 0.521484375 0.041015625 0.07421875
 0 0.4814453125 0.515625 0.029296875 0.046875
 0 0.6259765625 0.58203125 0.205078125 0.22265625
 1 0.7177734375 0.525390625 0.021484375 0.09765625
 1 0.7255859375 0.517578125 0.021484375 0.109375
 1 0.7294921875 0.5224609375 0.017578125 0.091796875
 1 0.87890625 0.5400390625 0.04296875 0.111328125