
 0 0.064453125 0.634765625 0.12890625 0.33203125
 3 0.0751953125 0.5 0.146484375 0.140625
 0 0.15625 0.5615234375 0.0546875 0.064453125
 0 0.2998046875 0.6572265625 0.330078125 0.423828125
 4 0.337890625 0.2490234375 0.0234375 0.072265625
 0 0.4716796875 0.54296875 0.083984375 0.0859375
 0 0.4765625 0.5439453125 0.0859375 0.083984375
 4 0.4658203125 0.2783203125 0.021484375 0.068359375
 4 0.6416015625 0.3974609375 0.021484375 0.064453125
 1 0.6787109375 0.5244140625 0.017578125 0.083984375
 1 0.693359375 0.5234375 0.02734375 0.08984375
 0 0.8798828125 0.564453125 0.236328125 0.671875