
 0 0.2666015625 0.5234375 0.025390625 0.0390625
 0 0.2138671875 0.529296875 0.037109375 0.04296875
 4 0.14453125 0.400390625 0.03515625 0.109375
 4 0.1455078125 0.3955078125 0.029296875 0.083984375
 0 0.375 0.513671875 0.03515625 0.05859375
 0 0.4267578125 0.54296875 0.107421875 0.12890625
 3 0.4287109375 0.4755859375 0.072265625 0.123046875
 4 0.4189453125 0.17578125 0.029296875 0.08984375
 4 0.6240234375 0.3427734375 0.021484375 0.056640625
 1 0.7509765625 0.51171875 0.029296875 0.09375