
 0 0.08984375 0.56640625 0.1796875 0.19140625
 0 0.2080078125 0.5390625 0.076171875 0.12109375
 0 0.26171875 0.5283203125 0.046875 0.091796875
 0 0.2978515625 0.517578125 0.041015625 0.08984375
 0 0.3271484375 0.5166015625 0.025390625 0.080078125
 0 0.4462890625 0.5009765625 0.083984375 0.060546875
 0 0.484375 0.4892578125 0.0390625 0.044921875
 0 0.625 0.490234375 0.05859375 0.05078125
 0 0.765625 0.48046875 0.0234375 0.0390625
 0 0.8408203125 0.4794921875 0.044921875 0.033203125
 0 0.8828125 0.48046875 0.04296875 0.0390625