
 4 0.060546875 0.072265625 0.1015625 0.14453125
 0 0.0634765625 0.533203125 0.068359375 0.10546875
 0 0.1015625 0.50390625 0.0703125 0.06640625
 0 0.1142578125 0.5068359375 0.048828125 0.044921875
 0 0.4501953125 0.5078125 0.021484375 0.046875
 0 0.4736328125 0.5068359375 0.033203125 0.048828125
 0 0.541015625 0.4873046875 0.02734375 0.037109375
 4 0.564453125 0.3642578125 0.015625 0.048828125
 4 0.5703125 0.025390625 0.02734375 0.05078125
 4 0.6513671875 0.361328125 0.013671875 0.05078125
 4 0.728515625 0.412109375 0.01953125 0.0546875
 4 0.8017578125 0.0810546875 0.029296875 0.115234375
 0 0.8203125 0.48828125 0.0625 0.0390625
 0 0.845703125 0.4892578125 0.05859375 0.056640625
 0 0.8623046875 0.4892578125 0.072265625 0.056640625
 0 0.9208984375 0.4873046875 0.103515625 0.056640625
 0 0.91796875 0.4853515625 0.08203125 0.064453125
 0 0.9794921875 0.482421875 0.037109375 0.046875