
 4 0.158203125 0.478515625 0.02734375 0.07421875
 0 0.2099609375 0.54296875 0.060546875 0.05859375
 0 0.21484375 0.546875 0.0625 0.078125
 0 0.2958984375 0.54296875 0.048828125 0.05859375
 0 0.296875 0.5390625 0.04296875 0.046875
 4 0.4296875 0.369140625 0.0234375 0.0625
 4 0.4296875 0.365234375 0.01953125 0.0546875
 4 0.556640625 0.439453125 0.01953125 0.0625
 4 0.556640625 0.4453125 0.015625 0.046875
 0 0.7529296875 0.533203125 0.119140625 0.05859375
 0 0.7529296875 0.5322265625 0.111328125 0.091796875
 4 0.7578125 0.3466796875 0.02734375 0.091796875