
 0 0.0166015625 0.576171875 0.029296875 0.15625
 0 0.0693359375 0.583984375 0.107421875 0.1171875
 0 0.953125 0.748046875 0.09375 0.34375
 0 0.140625 0.5625 0.05859375 0.08984375
 0 0.146484375 0.5712890625 0.05078125 0.099609375
 0 0.1826171875 0.55859375 0.052734375 0.08203125
 0 0.193359375 0.5546875 0.046875 0.078125
 0 0.22265625 0.5517578125 0.046875 0.068359375
 0 0.232421875 0.5478515625 0.0390625 0.076171875
 0 0.3662109375 0.533203125 0.044921875 0.0546875
 0 0.4140625 0.5283203125 0.03515625 0.052734375
 0 0.560546875 0.537109375 0.046875 0.11328125
 0 0.609375 0.5458984375 0.05859375 0.126953125
 0 0.70703125 0.58203125 0.171875 0.171875