
 1 0.0234375 0.583984375 0.046875 0.2421875
 0 0.07421875 0.5478515625 0.1484375 0.142578125
 1 0.1552734375 0.54296875 0.021484375 0.07421875
 0 0.3291015625 0.65234375 0.330078125 0.4140625
 4 0.28125 0.2763671875 0.01953125 0.064453125
 4 0.390625 0.2861328125 0.01953125 0.072265625
 2 0.5 0.5419921875 0.09765625 0.169921875
 4 0.5634765625 0.408203125 0.021484375 0.0625
 2 0.626953125 0.5244140625 0.05078125 0.091796875
 2 0.67578125 0.5498046875 0.11328125 0.181640625
 2 0.857421875 0.5302734375 0.12109375 0.201171875