
 0 0.9814453125 0.74609375 0.037109375 0.2734375
 0 0.91015625 0.5224609375 0.1796875 0.158203125
 0 0.08984375 0.517578125 0.13671875 0.12109375
 0 0.0947265625 0.513671875 0.111328125 0.10546875
 0 0.16796875 0.50390625 0.05859375 0.0703125
 0 0.1728515625 0.50390625 0.048828125 0.0703125
 0 0.2587890625 0.5078125 0.056640625 0.0625
 0 0.2646484375 0.5087890625 0.041015625 0.048828125
 0 0.373046875 0.5048828125 0.07421875 0.115234375
 0 0.4404296875 0.5 0.041015625 0.0625
 0 0.4931640625 0.494140625 0.021484375 0.0390625
 0 0.5224609375 0.5 0.029296875 0.0390625
 0 0.638671875 0.533203125 0.09765625 0.125
 0 0.6416015625 0.53125 0.083984375 0.10546875
 1 0.6845703125 0.50390625 0.025390625 0.09375
 0 0.732421875 0.4833984375 0.09375 0.083984375