
 0 0.0966796875 0.5576171875 0.083984375 0.072265625
 0 0.1474609375 0.5419921875 0.033203125 0.044921875
 0 0.185546875 0.5400390625 0.05859375 0.048828125
 3 0.291015625 0.4931640625 0.09765625 0.087890625
 0 0.41015625 0.626953125 0.26171875 0.3515625
 3 0.314453125 0.5009765625 0.0546875 0.087890625
 4 0.4248046875 0.3876953125 0.017578125 0.037109375
 4 0.42578125 0.388671875 0.01171875 0.02734375
 0 0.5126953125 0.4921875 0.029296875 0.09375
 1 0.8447265625 0.5234375 0.056640625 0.26171875