
 0 0.0498046875 0.5498046875 0.099609375 0.091796875
 0 0.0517578125 0.55078125 0.103515625 0.08984375
 0 0.193359375 0.5322265625 0.08203125 0.083984375
 1 0.2490234375 0.568359375 0.033203125 0.078125
 1 0.2509765625 0.5625 0.025390625 0.07421875
 1 0.2744140625 0.544921875 0.029296875 0.1015625
 1 0.2724609375 0.5458984375 0.021484375 0.123046875
 1 0.2939453125 0.541015625 0.029296875 0.09765625
 1 0.3349609375 0.548828125 0.029296875 0.08984375
 1 0.3369140625 0.5478515625 0.025390625 0.107421875
 1 0.365234375 0.5595703125 0.03515625 0.080078125
 None 0.72265625 0.212890625 0.03125 0.06640625