
 0 0.9326171875 0.498046875 0.123046875 0.08984375
 4 0.0927734375 0.267578125 0.017578125 0.06640625
 0 0.17578125 0.5078125 0.03515625 0.0390625
 3 0.259765625 0.484375 0.07421875 0.12890625
 4 0.3037109375 0.2861328125 0.017578125 0.048828125
 0 0.5654296875 0.6083984375 0.228515625 0.251953125
 4 0.46875 0.390625 0.01953125 0.06640625
 0 0.76171875 0.5146484375 0.109375 0.072265625
 1 0.8232421875 0.5546875 0.048828125 0.1953125
 1 0.8203125 0.515625 0.03515625 0.16015625
 1 0.869140625 0.544921875 0.0390625 0.21484375