
 1 0.9736328125 0.5146484375 0.052734375 0.173828125
 1 0.4296875 0.50390625 0.02734375 0.10546875
 1 0.4287109375 0.4931640625 0.017578125 0.091796875
 4 0.439453125 0.4111328125 0.015625 0.037109375
 4 0.44140625 0.4189453125 0.015625 0.033203125
 0 0.5546875 0.4951171875 0.03515625 0.060546875
 0 0.5546875 0.498046875 0.03125 0.0390625
 4 0.6103515625 0.419921875 0.017578125 0.03515625
 4 0.6103515625 0.416015625 0.013671875 0.04296875
 0 0.806640625 0.486328125 0.10546875 0.05859375
 0 0.8076171875 0.48046875 0.103515625 0.05859375