
 0 0.0615234375 0.5107421875 0.123046875 0.310546875
 3 0.0615234375 0.5146484375 0.123046875 0.263671875
 0 0.1484375 0.5849609375 0.0703125 0.130859375
 0 0.150390625 0.580078125 0.05859375 0.1015625
 0 0.3095703125 0.5517578125 0.080078125 0.119140625
 0 0.41015625 0.568359375 0.0859375 0.1015625
 0 0.4599609375 0.533203125 0.064453125 0.1015625
 3 0.4619140625 0.5322265625 0.056640625 0.083984375
 0 0.5283203125 0.5712890625 0.052734375 0.095703125
 0 0.5810546875 0.580078125 0.107421875 0.125
 0 0.685546875 0.5673828125 0.13671875 0.251953125
 0 0.8583984375 0.6025390625 0.279296875 0.533203125