
 1 0.01171875 0.5693359375 0.01953125 0.130859375
 0 0.884765625 0.71875 0.23046875 0.55859375
 0 0.1103515625 0.580078125 0.119140625 0.12890625
 0 0.1806640625 0.5693359375 0.072265625 0.107421875
 0 0.2265625 0.564453125 0.046875 0.07421875
 0 0.271484375 0.552734375 0.0546875 0.0703125
 0 0.490234375 0.5322265625 0.05859375 0.068359375
 0 0.5283203125 0.5576171875 0.064453125 0.126953125
 0 0.630859375 0.5830078125 0.15234375 0.212890625
 0 0.7734375 0.65234375 0.3125 0.359375
 0 0.724609375 0.65234375 0.21484375 0.34765625