
 0 0.1416015625 0.5576171875 0.052734375 0.056640625
 0 0.2470703125 0.5458984375 0.052734375 0.052734375
 0 0.2470703125 0.5498046875 0.052734375 0.064453125
 0 0.431640625 0.5263671875 0.03515625 0.044921875
 0 0.4677734375 0.51953125 0.025390625 0.0390625
 0 0.580078125 0.55859375 0.12109375 0.13671875
 0 0.6767578125 0.525390625 0.076171875 0.09375
 0 0.73046875 0.5419921875 0.06640625 0.080078125
 0 0.7314453125 0.5419921875 0.068359375 0.076171875
 0 0.7958984375 0.54296875 0.115234375 0.08984375
 0 0.794921875 0.5419921875 0.109375 0.076171875