
 0 0.90625 0.5830078125 0.1875 0.505859375
 0 0.064453125 0.53125 0.12890625 0.1171875
 0 0.212890625 0.5146484375 0.0390625 0.048828125
 0 0.2109375 0.5087890625 0.03515625 0.044921875
 0 0.25390625 0.5009765625 0.06640625 0.072265625
 0 0.3203125 0.49609375 0.0390625 0.05078125
 0 0.3193359375 0.4990234375 0.037109375 0.048828125
 0 0.3642578125 0.4892578125 0.025390625 0.037109375
 0 0.4423828125 0.494140625 0.076171875 0.09375
 0 0.5595703125 0.49609375 0.025390625 0.0859375
 0 0.599609375 0.4931640625 0.0625 0.087890625
 0 0.6826171875 0.48046875 0.064453125 0.0390625