
 4 0.099609375 0.431640625 0.0234375 0.06640625
 0 0.2392578125 0.5322265625 0.056640625 0.044921875
 0 0.2763671875 0.544921875 0.083984375 0.078125
 0 0.2802734375 0.5380859375 0.083984375 0.080078125
 0 0.4140625 0.52734375 0.05078125 0.05859375
 0 0.447265625 0.525390625 0.04296875 0.0546875
 0 0.4501953125 0.521484375 0.033203125 0.0546875
 4 0.4580078125 0.302734375 0.017578125 0.046875
 4 0.4599609375 0.30078125 0.013671875 0.04296875
 0 0.5224609375 0.501953125 0.068359375 0.12109375
 3 0.5263671875 0.5029296875 0.064453125 0.126953125
 0 0.560546875 0.5146484375 0.03515625 0.056640625
 4 0.55859375 0.294921875 0.01953125 0.05859375
 4 0.5576171875 0.296875 0.013671875 0.05859375
 0 0.6494140625 0.5087890625 0.037109375 0.044921875
 2 0.6630859375 0.517578125 0.017578125 0.06640625
 4 0.7060546875 0.4228515625 0.021484375 0.072265625
 4 0.7099609375 0.4140625 0.013671875 0.0390625
 0 0.822265625 0.51953125 0.14453125 0.078125