
 1 0.041015625 0.5634765625 0.02734375 0.130859375
 0 0.173828125 0.5576171875 0.11328125 0.126953125
 0 0.171875 0.560546875 0.10546875 0.07421875
 0 0.263671875 0.5439453125 0.0625 0.072265625
 0 0.263671875 0.5498046875 0.0546875 0.064453125
 0 0.3154296875 0.5244140625 0.048828125 0.060546875
 0 0.3544921875 0.5283203125 0.052734375 0.068359375
 0 0.3564453125 0.529296875 0.052734375 0.0703125
 0 0.3837890625 0.51953125 0.029296875 0.05859375
 1 0.724609375 0.5283203125 0.078125 0.228515625