
 0 0.1591796875 0.5771484375 0.173828125 0.193359375
 4 0.2080078125 0.4765625 0.025390625 0.0390625
 4 0.2041015625 0.4775390625 0.013671875 0.041015625
 0 0.2763671875 0.51171875 0.044921875 0.05859375
 0 0.3447265625 0.52734375 0.064453125 0.0703125
 4 0.3603515625 0.443359375 0.017578125 0.0390625
 4 0.359375 0.4404296875 0.015625 0.029296875
 4 0.36328125 0.41015625 0.015625 0.03515625
 4 0.3662109375 0.40625 0.017578125 0.0390625
 0 0.400390625 0.5107421875 0.03515625 0.048828125
 4 0.45703125 0.38671875 0.015625 0.03515625
 0 0.46875 0.50390625 0.03515625 0.05078125
 4 0.525390625 0.4453125 0.015625 0.04296875
 4 0.5244140625 0.4453125 0.009765625 0.03125
 4 0.544921875 0.4130859375 0.01953125 0.052734375
 4 0.544921875 0.4208984375 0.01171875 0.033203125