
 0 0.9091796875 0.64453125 0.181640625 0.390625
 1 0.0302734375 0.5654296875 0.060546875 0.279296875
 0 0.1083984375 0.5361328125 0.099609375 0.083984375
 0 0.1064453125 0.537109375 0.080078125 0.07421875
 1 0.0888671875 0.5234375 0.029296875 0.12890625
 0 0.15625 0.53125 0.0546875 0.0625
 0 0.1640625 0.53125 0.03125 0.0703125
 0 0.30859375 0.5146484375 0.0546875 0.220703125
 1 0.3125 0.51953125 0.05859375 0.2265625
 0 0.4423828125 0.533203125 0.201171875 0.109375
 0 0.55078125 0.54296875 0.015625 0.06640625
 0 0.5859375 0.5458984375 0.0625 0.072265625
 0 0.65234375 0.5498046875 0.08984375 0.091796875
 0 0.6923828125 0.5751953125 0.056640625 0.134765625
 0 0.84765625 0.5673828125 0.3046875 0.240234375