
 0 0.0478515625 0.5146484375 0.095703125 0.255859375
 0 0.8955078125 0.556640625 0.205078125 0.296875
 0 0.2412109375 0.498046875 0.146484375 0.109375
 0 0.240234375 0.4921875 0.14453125 0.1328125
 0 0.3349609375 0.4990234375 0.056640625 0.087890625
 0 0.3349609375 0.494140625 0.044921875 0.06640625
 0 0.373046875 0.49609375 0.03125 0.0703125
 0 0.404296875 0.4921875 0.03515625 0.0546875
 0 0.4521484375 0.4814453125 0.037109375 0.044921875
 0 0.59765625 0.494140625 0.046875 0.0625
 0 0.6494140625 0.501953125 0.095703125 0.09765625
 0 0.6513671875 0.5078125 0.091796875 0.10546875
 0 0.7646484375 0.5400390625 0.138671875 0.162109375
 0 0.7568359375 0.5322265625 0.115234375 0.158203125