
 3 0.0146484375 0.5234375 0.029296875 0.0703125
 1 0.0341796875 0.5458984375 0.013671875 0.056640625
 1 0.0400390625 0.5380859375 0.013671875 0.064453125
 3 0.0732421875 0.50390625 0.048828125 0.08984375
 0 0.115234375 0.53125 0.0390625 0.046875
 3 0.126953125 0.4794921875 0.0546875 0.083984375
 1 0.130859375 0.5244140625 0.015625 0.083984375
 1 0.1435546875 0.525390625 0.017578125 0.09765625
 0 0.4638671875 0.5537109375 0.357421875 0.201171875
 1 0.3359375 0.5927734375 0.0625 0.212890625