
 0 0.0576171875 0.494140625 0.115234375 0.3203125
 0 0.1552734375 0.529296875 0.123046875 0.16015625
 0 0.298828125 0.513671875 0.12890625 0.1484375
 4 0.28125 0.34765625 0.01953125 0.03125
 4 0.2822265625 0.353515625 0.017578125 0.046875
 4 0.330078125 0.3505859375 0.01953125 0.052734375
 4 0.33203125 0.34375 0.015625 0.02734375
 4 0.4033203125 0.337890625 0.013671875 0.03125
 0 0.4931640625 0.552734375 0.189453125 0.2578125
 4 0.45703125 0.3388671875 0.01953125 0.037109375
 4 0.568359375 0.3994140625 0.02734375 0.037109375
 0 0.763671875 0.4775390625 0.046875 0.060546875
 0 0.8525390625 0.4736328125 0.166015625 0.115234375