
 0 0.1650390625 0.4970703125 0.052734375 0.048828125
 4 0.2373046875 0.4306640625 0.021484375 0.056640625
 0 0.423828125 0.486328125 0.07421875 0.09765625
 4 0.43359375 0.3818359375 0.015625 0.037109375
 0 0.4677734375 0.48828125 0.029296875 0.0546875
 0 0.5068359375 0.5048828125 0.080078125 0.087890625
 4 0.4970703125 0.3505859375 0.013671875 0.052734375
 0 0.5791015625 0.4951171875 0.033203125 0.076171875
 4 0.5869140625 0.427734375 0.013671875 0.04296875
 0 0.63671875 0.513671875 0.09375 0.1015625
 4 0.6572265625 0.4140625 0.021484375 0.05859375
 0 0.814453125 0.54296875 0.25390625 0.31640625