
 1 0.6015625 0.5244140625 0.01953125 0.083984375
 1 0.0166015625 0.5478515625 0.021484375 0.083984375
 1 0.0205078125 0.5546875 0.017578125 0.07421875
 1 0.0341796875 0.5556640625 0.017578125 0.052734375
 1 0.0859375 0.5458984375 0.0703125 0.177734375
 1 0.0654296875 0.5302734375 0.021484375 0.056640625
 0 0.181640625 0.5458984375 0.15625 0.099609375
 1 0.1669921875 0.5390625 0.064453125 0.1796875
 4 0.1748046875 0.412109375 0.013671875 0.0390625
 0 0.31640625 0.6025390625 0.19921875 0.240234375
 0 0.408203125 0.5244140625 0.0546875 0.080078125
 0 0.41015625 0.5224609375 0.0546875 0.072265625
 4 0.4873046875 0.3857421875 0.017578125 0.056640625
 1 0.556640625 0.5400390625 0.03125 0.158203125
 1 0.67578125 0.537109375 0.03515625 0.15234375
 1 0.701171875 0.51953125 0.046875 0.17578125
 1 0.6962890625 0.521484375 0.033203125 0.171875