
 0 0.2578125 0.515625 0.03125 0.046875
 0 0.0810546875 0.552734375 0.123046875 0.09375
 0 0.13671875 0.5234375 0.0234375 0.0390625
 0 0.3076171875 0.529296875 0.056640625 0.0546875
 0 0.30859375 0.537109375 0.04296875 0.0703125
 0 0.3525390625 0.5400390625 0.087890625 0.111328125
 4 0.322265625 0.3544921875 0.015625 0.052734375
 4 0.322265625 0.35546875 0.015625 0.05078125
 0 0.359375 0.5419921875 0.0859375 0.107421875
 4 0.404296875 0.359375 0.015625 0.0390625
 4 0.404296875 0.36328125 0.015625 0.04296875
 0 0.4765625 0.53515625 0.05078125 0.125
 0 0.48046875 0.5283203125 0.05859375 0.123046875
 4 0.474609375 0.3798828125 0.015625 0.044921875
 4 0.4765625 0.37890625 0.01171875 0.046875
 0 0.54296875 0.54296875 0.125 0.14453125
 4 0.5625 0.4384765625 0.01953125 0.056640625
 4 0.5625 0.4287109375 0.015625 0.041015625
 0 0.658203125 0.50390625 0.140625 0.171875
 0 0.658203125 0.5185546875 0.1328125 0.130859375
 0 0.794921875 0.5595703125 0.19921875 0.169921875
 4 0.8486328125 0.36328125 0.037109375 0.078125
 4 0.8525390625 0.359375 0.025390625 0.06640625