
 0 0.068359375 0.53515625 0.13671875 0.34375
 0 0.287109375 0.49609375 0.078125 0.09375
 0 0.4013671875 0.49609375 0.048828125 0.0703125
 4 0.3857421875 0.453125 0.013671875 0.03125
 4 0.388671875 0.4482421875 0.015625 0.025390625
 0 0.4951171875 0.5166015625 0.126953125 0.181640625
 4 0.486328125 0.40625 0.01953125 0.03125
 4 0.48828125 0.408203125 0.01171875 0.03125
 4 0.533203125 0.453125 0.01171875 0.03125
 4 0.5390625 0.4423828125 0.01171875 0.029296875
 4 0.5400390625 0.4462890625 0.009765625 0.025390625
 0 0.5673828125 0.5068359375 0.056640625 0.091796875
 0 0.6318359375 0.5185546875 0.103515625 0.107421875