
 1 0.9658203125 0.4853515625 0.037109375 0.134765625
 0 0.0419921875 0.5478515625 0.083984375 0.072265625
 0 0.1376953125 0.533203125 0.076171875 0.06640625
 0 0.1376953125 0.537109375 0.072265625 0.06640625
 0 0.1923828125 0.5263671875 0.048828125 0.052734375
 0 0.2861328125 0.5224609375 0.033203125 0.037109375
 0 0.3525390625 0.509765625 0.029296875 0.046875
 0 0.4306640625 0.509765625 0.033203125 0.03515625
 0 0.53125 0.525390625 0.18359375 0.171875
 0 0.6982421875 0.4970703125 0.076171875 0.052734375