
 4 0.0498046875 0.44140625 0.025390625 0.05859375
 2 0.0546875 0.546875 0.03515625 0.0703125
 2 0.0498046875 0.54296875 0.017578125 0.06640625
 1 0.0810546875 0.5380859375 0.025390625 0.080078125
 1 0.083984375 0.5419921875 0.02734375 0.076171875
 2 0.080078125 0.5380859375 0.01171875 0.068359375
 0 0.1728515625 0.525390625 0.087890625 0.07421875
 3 0.173828125 0.521484375 0.08203125 0.08203125
 3 0.2353515625 0.5126953125 0.056640625 0.056640625
 0 0.24609375 0.515625 0.0625 0.05859375
 0 0.2421875 0.5341796875 0.05859375 0.048828125
 1 0.28515625 0.513671875 0.0234375 0.07421875
 3 0.3271484375 0.4814453125 0.099609375 0.146484375
 0 0.3896484375 0.51953125 0.033203125 0.03515625
 0 0.427734375 0.515625 0.03515625 0.03515625
 0 0.4306640625 0.5146484375 0.029296875 0.029296875
 4 0.44921875 0.3251953125 0.01953125 0.060546875
 0 0.46484375 0.513671875 0.02734375 0.0390625
 4 0.5185546875 0.326171875 0.025390625 0.06640625
 0 0.54296875 0.5185546875 0.04296875 0.044921875
 4 0.6552734375 0.412109375 0.021484375 0.06640625
 0 0.8994140625 0.5849609375 0.197265625 0.396484375
 0 0.9033203125 0.5888671875 0.193359375 0.400390625