
 0 0.046875 0.5439453125 0.09375 0.169921875
 0 0.193359375 0.5341796875 0.19921875 0.232421875
 4 0.25 0.337890625 0.015625 0.046875
 4 0.25390625 0.33203125 0.01953125 0.03125
 0 0.4853515625 0.650390625 0.400390625 0.47265625
 4 0.30859375 0.33203125 0.01953125 0.05078125
 0 0.3173828125 0.494140625 0.041015625 0.04296875
 4 0.310546875 0.3251953125 0.01953125 0.029296875
 4 0.3896484375 0.3369140625 0.013671875 0.044921875
 4 0.44921875 0.337890625 0.01953125 0.046875
 4 0.5693359375 0.392578125 0.017578125 0.03515625
 0 0.9013671875 0.5693359375 0.193359375 0.396484375
 0 0.9072265625 0.54296875 0.181640625 0.32421875