
 0 0.138671875 0.5615234375 0.15625 0.181640625
 0 0.1357421875 0.5595703125 0.142578125 0.169921875
 0 0.224609375 0.5634765625 0.04296875 0.087890625
 0 0.2294921875 0.548828125 0.033203125 0.08203125
 0 0.2529296875 0.5654296875 0.033203125 0.080078125
 0 0.28125 0.544921875 0.05078125 0.08984375
 0 0.3505859375 0.537109375 0.033203125 0.0703125
 0 0.376953125 0.5341796875 0.0234375 0.048828125
 0 0.451171875 0.533203125 0.046875 0.05078125
 3 0.5068359375 0.5185546875 0.052734375 0.103515625
 0 0.53515625 0.546875 0.046875 0.09375
 0 0.591796875 0.537109375 0.11328125 0.1796875
 0 0.5908203125 0.5380859375 0.107421875 0.185546875
 0 0.6767578125 0.5830078125 0.173828125 0.185546875