
 1 0.0283203125 0.5361328125 0.013671875 0.048828125
 1 0.013671875 0.5302734375 0.01953125 0.076171875
 0 0.9462890625 0.6787109375 0.107421875 0.271484375
 0 0.8349609375 0.580078125 0.294921875 0.3046875
 0 0.115234375 0.5595703125 0.12109375 0.126953125
 0 0.193359375 0.548828125 0.05078125 0.09765625
 0 0.2333984375 0.5439453125 0.037109375 0.064453125
 0 0.265625 0.53515625 0.0390625 0.078125
 0 0.380859375 0.5244140625 0.02734375 0.037109375
 0 0.595703125 0.5458984375 0.0859375 0.103515625