
 0 0.0849609375 0.5126953125 0.169921875 0.287109375
 3 0.0830078125 0.5087890625 0.166015625 0.263671875
 0 0.18359375 0.56640625 0.046875 0.1015625
 0 0.1865234375 0.564453125 0.048828125 0.1015625
 0 0.263671875 0.5478515625 0.07421875 0.080078125
 0 0.3408203125 0.5361328125 0.064453125 0.087890625
 0 0.4033203125 0.55078125 0.083984375 0.1015625
 0 0.4482421875 0.53125 0.064453125 0.12890625
 3 0.4501953125 0.529296875 0.060546875 0.0859375
 0 0.5107421875 0.5419921875 0.033203125 0.076171875
 0 0.5576171875 0.5478515625 0.091796875 0.111328125
 0 0.6220703125 0.537109375 0.083984375 0.1796875
 0 0.794921875 0.5537109375 0.30078125 0.345703125