
 0 0.0419921875 0.595703125 0.083984375 0.12890625
 0 0.111328125 0.572265625 0.07421875 0.11328125
 0 0.16796875 0.552734375 0.046875 0.06640625
 0 0.16796875 0.5625 0.04296875 0.08203125
 0 0.2119140625 0.533203125 0.052734375 0.04296875
 0 0.326171875 0.5673828125 0.1796875 0.267578125
 0 0.4423828125 0.51953125 0.041015625 0.046875
 0 0.44140625 0.51953125 0.03125 0.0703125
 0 0.5810546875 0.5556640625 0.134765625 0.169921875
 1 0.806640625 0.537109375 0.05078125 0.171875
 1 0.806640625 0.5390625 0.046875 0.1875
 1 0.8857421875 0.5244140625 0.033203125 0.216796875
 1 0.884765625 0.5244140625 0.02734375 0.205078125