
 0 0.1767578125 0.556640625 0.115234375 0.1015625
 4 0.2431640625 0.4248046875 0.017578125 0.048828125
 1 0.25390625 0.53125 0.01953125 0.0703125
 0 0.3671875 0.615234375 0.22265625 0.265625
 0 0.2978515625 0.525390625 0.041015625 0.06640625
 0 0.4560546875 0.54296875 0.103515625 0.17578125
 0 0.5302734375 0.5322265625 0.080078125 0.111328125
 4 0.51953125 0.40625 0.01953125 0.05859375
 1 0.5693359375 0.53125 0.029296875 0.125
 1 0.587890625 0.5322265625 0.015625 0.150390625
 1 0.6015625 0.5263671875 0.02734375 0.123046875
 1 0.6552734375 0.4970703125 0.017578125 0.068359375
 0 0.701171875 0.5166015625 0.109375 0.080078125
 0 0.7021484375 0.517578125 0.107421875 0.09765625
 1 0.7099609375 0.490234375 0.013671875 0.0703125
 1 0.716796875 0.4853515625 0.01953125 0.060546875
 1 0.767578125 0.501953125 0.04296875 0.078125
 0 0.927734375 0.6240234375 0.140625 0.525390625