
 0 0.0302734375 0.5263671875 0.060546875 0.048828125
 0 0.0810546875 0.517578125 0.044921875 0.0390625
 0 0.1259765625 0.517578125 0.064453125 0.06640625
 0 0.1279296875 0.5205078125 0.056640625 0.060546875
 0 0.224609375 0.5302734375 0.06640625 0.083984375
 0 0.22265625 0.5302734375 0.0625 0.087890625
 0 0.265625 0.5263671875 0.02734375 0.056640625
 0 0.3603515625 0.568359375 0.119140625 0.16015625
 4 0.337890625 0.35546875 0.015625 0.04296875
 4 0.3388671875 0.3525390625 0.013671875 0.033203125
 4 0.3994140625 0.353515625 0.017578125 0.0390625
 4 0.3984375 0.35546875 0.01171875 0.0390625
 0 0.4326171875 0.52734375 0.048828125 0.12890625
 0 0.466796875 0.5166015625 0.02734375 0.068359375
 0 0.4658203125 0.517578125 0.021484375 0.05859375
 0 0.490234375 0.505859375 0.03125 0.046875
 4 0.4912109375 0.423828125 0.009765625 0.02734375
 4 0.505859375 0.4033203125 0.01171875 0.044921875
 0 0.96875 0.5 0.05859375 0.05859375