
 0 0.0517578125 0.6357421875 0.103515625 0.326171875
 0 0.1708984375 0.5888671875 0.150390625 0.169921875
 0 0.265625 0.560546875 0.05859375 0.06640625
 0 0.26953125 0.560546875 0.05859375 0.05078125
 0 0.3623046875 0.552734375 0.119140625 0.0703125
 0 0.3681640625 0.556640625 0.119140625 0.078125
 3 0.3994140625 0.513671875 0.033203125 0.0390625
 0 0.4658203125 0.533203125 0.048828125 0.07421875
 3 0.46875 0.5322265625 0.03515625 0.052734375
 0 0.517578125 0.537109375 0.0390625 0.05078125
 0 0.61328125 0.5673828125 0.09765625 0.103515625