
 0 0.9111328125 0.6142578125 0.177734375 0.298828125
 0 0.6689453125 0.544921875 0.119140625 0.13671875
 0 0.0693359375 0.5703125 0.138671875 0.15625
 0 0.1455078125 0.5703125 0.056640625 0.11328125
 0 0.197265625 0.5537109375 0.0625 0.095703125
 0 0.2431640625 0.5556640625 0.072265625 0.080078125
 0 0.2744140625 0.5419921875 0.072265625 0.087890625
 0 0.3779296875 0.53125 0.052734375 0.07421875
 0 0.4736328125 0.537109375 0.056640625 0.0703125
 0 0.587890625 0.5390625 0.0625 0.08203125
 0 0.716796875 0.5634765625 0.1328125 0.158203125
 1 0.7353515625 0.5830078125 0.064453125 0.267578125
 0 0.8115234375 0.5576171875 0.197265625 0.173828125