
 3 0.0751953125 0.50390625 0.150390625 0.15234375
 0 0.0654296875 0.6357421875 0.130859375 0.337890625
 0 0.1591796875 0.560546875 0.060546875 0.06640625
 0 0.302734375 0.6552734375 0.33203125 0.423828125
 4 0.337890625 0.25 0.0234375 0.07421875
 4 0.4658203125 0.28125 0.021484375 0.0703125
 0 0.5107421875 0.53515625 0.048828125 0.06640625
 0 0.5126953125 0.5390625 0.044921875 0.0625
 4 0.6416015625 0.3984375 0.021484375 0.06640625
 1 0.6748046875 0.525390625 0.017578125 0.08203125
 1 0.6865234375 0.5185546875 0.021484375 0.087890625
 0 0.8779296875 0.5712890625 0.240234375 0.677734375