
 0 0.3515625 0.541015625 0.125 0.09375
 3 0.4462890625 0.5 0.099609375 0.0546875
 4 0.4384765625 0.47265625 0.029296875 0.078125
 0 0.4814453125 0.5341796875 0.064453125 0.072265625
 0 0.5712890625 0.546875 0.095703125 0.10546875
 4 0.591796875 0.4345703125 0.01171875 0.037109375
 0 0.6572265625 0.5283203125 0.025390625 0.048828125
 0 0.681640625 0.5341796875 0.05859375 0.068359375
 0 0.7236328125 0.51953125 0.025390625 0.05078125
 4 0.7314453125 0.353515625 0.017578125 0.05859375
 0 0.7529296875 0.53125 0.044921875 0.0625
 0 0.8251953125 0.54296875 0.072265625 0.078125
 4 0.841796875 0.4326171875 0.01171875 0.041015625
 0 0.9580078125 0.5751953125 0.083984375 0.181640625