
 0 0.9130859375 0.63671875 0.173828125 0.375
 0 0.171875 0.5576171875 0.078125 0.072265625
 1 0.1435546875 0.5322265625 0.021484375 0.041015625
 1 0.1435546875 0.5322265625 0.013671875 0.037109375
 0 0.2216796875 0.5419921875 0.041015625 0.072265625
 0 0.255859375 0.53515625 0.04296875 0.05859375
 1 0.384765625 0.5224609375 0.0078125 0.037109375
 0 0.4189453125 0.5478515625 0.072265625 0.083984375
 1 0.462890625 0.52734375 0.0078125 0.04296875
 0 0.6015625 0.546875 0.12109375 0.125
 1 0.6806640625 0.4892578125 0.025390625 0.064453125
 1 0.73046875 0.5 0.0390625 0.09375