
 0 0.3271484375 0.5087890625 0.025390625 0.037109375
 0 0.111328125 0.5751953125 0.21484375 0.248046875
 4 0.0771484375 0.1982421875 0.044921875 0.115234375
 0 0.232421875 0.50390625 0.04296875 0.06640625
 0 0.271484375 0.525390625 0.10546875 0.1015625
 0 0.26953125 0.51953125 0.07421875 0.078125
 4 0.2705078125 0.1875 0.033203125 0.09765625
 4 0.2734375 0.1796875 0.02734375 0.08203125
 0 0.45703125 0.556640625 0.15625 0.2265625
 4 0.4384765625 0.2041015625 0.025390625 0.087890625
 4 0.6943359375 0.361328125 0.044921875 0.09765625
 4 0.697265625 0.35546875 0.0234375 0.0859375