
 1 0.744140625 0.5400390625 0.02734375 0.087890625
 1 0.7041015625 0.5361328125 0.025390625 0.083984375
 0 0.0263671875 0.5673828125 0.048828125 0.119140625
 0 0.92578125 0.58984375 0.14453125 0.3671875
 0 0.0498046875 0.5595703125 0.052734375 0.107421875
 0 0.1337890625 0.546875 0.064453125 0.078125
 0 0.134765625 0.5419921875 0.046875 0.068359375
 0 0.220703125 0.5361328125 0.0625 0.068359375
 0 0.330078125 0.546875 0.12890625 0.1640625
 0 0.4345703125 0.5283203125 0.056640625 0.111328125
 0 0.4482421875 0.55078125 0.025390625 0.0703125
 0 0.4931640625 0.5283203125 0.087890625 0.138671875
 0 0.607421875 0.5537109375 0.16796875 0.138671875