
 1 0.52734375 0.5087890625 0.01953125 0.087890625
 1 0.080078125 0.5380859375 0.02734375 0.103515625
 1 0.0830078125 0.5341796875 0.017578125 0.080078125
 0 0.123046875 0.5537109375 0.078125 0.103515625
 0 0.2275390625 0.548828125 0.080078125 0.1171875
 1 0.2412109375 0.5439453125 0.025390625 0.126953125
 1 0.244140625 0.54296875 0.02734375 0.14453125
 1 0.2451171875 0.54296875 0.029296875 0.12890625
 1 0.244140625 0.541015625 0.015625 0.1328125
 1 0.24609375 0.5400390625 0.01953125 0.123046875
 1 0.2626953125 0.5322265625 0.017578125 0.150390625
 1 0.298828125 0.5400390625 0.03515625 0.134765625
 1 0.345703125 0.5302734375 0.03515625 0.146484375
 0 0.400390625 0.5146484375 0.015625 0.044921875
 0 0.4345703125 0.5205078125 0.052734375 0.064453125
 1 0.4775390625 0.5205078125 0.025390625 0.134765625
 4 0.58203125 0.3076171875 0.02734375 0.091796875
 0 0.837890625 0.5400390625 0.32421875 0.228515625
 1 0.896484375 0.42578125 0.015625 0.03515625
 1 0.91015625 0.4150390625 0.01171875 0.033203125
 1 0.9130859375 0.421875 0.013671875 0.0390625
 1 0.923828125 0.4248046875 0.015625 0.037109375
 1 0.966796875 0.4248046875 0.015625 0.044921875
 1 0.98828125 0.423828125 0.015625 0.046875
 1 0.9892578125 0.4248046875 0.017578125 0.033203125