
 0 0.041015625 0.6005859375 0.08203125 0.091796875
 0 0.083984375 0.58984375 0.08203125 0.109375
 0 0.1025390625 0.5888671875 0.048828125 0.099609375
 0 0.1484375 0.5947265625 0.046875 0.087890625
 0 0.169921875 0.5361328125 0.08203125 0.064453125
 0 0.1767578125 0.5947265625 0.033203125 0.060546875
 3 0.39453125 0.4189453125 0.3515625 0.673828125
 1 0.55078125 0.5693359375 0.0234375 0.123046875
 1 0.5654296875 0.5771484375 0.017578125 0.115234375
 1 0.7626953125 0.529296875 0.041015625 0.0625
 1 0.974609375 0.5615234375 0.046875 0.142578125
 1 0.9736328125 0.55859375 0.025390625 0.12109375
 1 0.9853515625 0.5556640625 0.025390625 0.169921875