
 0 0.13671875 0.5107421875 0.2734375 0.162109375
 4 0.0732421875 0.34765625 0.021484375 0.06640625
 0 0.275390625 0.458984375 0.05078125 0.0625
 0 0.326171875 0.4677734375 0.03515625 0.056640625
 0 0.3720703125 0.46484375 0.060546875 0.07421875
 4 0.439453125 0.234375 0.015625 0.05078125
 4 0.5263671875 0.24609375 0.013671875 0.046875
 4 0.6123046875 0.2509765625 0.017578125 0.037109375
 4 0.7705078125 0.359375 0.013671875 0.046875
 0 0.90625 0.48828125 0.17578125 0.1015625
 0 0.974609375 0.443359375 0.05078125 0.0546875