
 0 0.0693359375 0.5888671875 0.138671875 0.287109375
 3 0.16015625 0.4755859375 0.06640625 0.083984375
 0 0.1650390625 0.552734375 0.052734375 0.1015625
 0 0.20703125 0.5498046875 0.05078125 0.095703125
 0 0.2900390625 0.53125 0.052734375 0.0625
 0 0.2900390625 0.53515625 0.044921875 0.0546875
 3 0.3095703125 0.5048828125 0.056640625 0.072265625
 0 0.3232421875 0.5126953125 0.033203125 0.099609375
 0 0.4052734375 0.5263671875 0.060546875 0.087890625
 0 0.4736328125 0.51953125 0.041015625 0.05078125
 0 0.5146484375 0.5244140625 0.052734375 0.060546875
 0 0.5947265625 0.5615234375 0.107421875 0.189453125
 0 0.6162109375 0.5576171875 0.134765625 0.162109375
 0 0.763671875 0.59765625 0.26953125 0.2734375