
 0 0.0849609375 0.541015625 0.029296875 0.06640625
 0 0.103515625 0.513671875 0.015625 0.03125
 0 0.1767578125 0.4970703125 0.087890625 0.068359375
 0 0.30859375 0.4931640625 0.0859375 0.044921875
 0 0.31640625 0.4970703125 0.0703125 0.052734375
 0 0.43359375 0.4921875 0.03515625 0.046875
 0 0.474609375 0.4990234375 0.03515625 0.037109375
 3 0.521484375 0.4765625 0.03515625 0.07421875
 0 0.56640625 0.4873046875 0.0546875 0.052734375
 4 0.5703125 0.0283203125 0.02734375 0.056640625
 4 0.56640625 0.3603515625 0.01171875 0.052734375
 4 0.6533203125 0.35546875 0.013671875 0.0390625
 4 0.7265625 0.404296875 0.015625 0.04296875
 4 0.7294921875 0.408203125 0.013671875 0.02734375
 4 0.80078125 0.0712890625 0.0234375 0.091796875
 1 0.82421875 0.4755859375 0.03125 0.087890625
 1 0.8251953125 0.4814453125 0.025390625 0.056640625
 2 0.970703125 0.4921875 0.02734375 0.1015625
 1 0.9765625 0.4775390625 0.03125 0.154296875
 1 0.9921875 0.4814453125 0.01171875 0.083984375