
 0 0.9609375 0.609375 0.078125 0.296875
 0 0.0458984375 0.587890625 0.091796875 0.234375
 0 0.23828125 0.5322265625 0.109375 0.111328125
 0 0.3173828125 0.515625 0.068359375 0.09375
 0 0.392578125 0.50390625 0.08984375 0.109375
 0 0.3857421875 0.5009765625 0.072265625 0.123046875
 0 0.54296875 0.4853515625 0.03125 0.048828125
 0 0.5693359375 0.501953125 0.021484375 0.078125
 0 0.5986328125 0.4990234375 0.052734375 0.080078125
 0 0.6552734375 0.5126953125 0.080078125 0.126953125
 0 0.712890625 0.51953125 0.11328125 0.15625
 0 0.853515625 0.54296875 0.2421875 0.24609375