
 0 0.048828125 0.5546875 0.05859375 0.05078125
 0 0.0576171875 0.5 0.068359375 0.1015625
 0 0.19140625 0.5283203125 0.26953125 0.287109375
 4 0.212890625 0.34375 0.0234375 0.0625
 4 0.2177734375 0.353515625 0.017578125 0.05078125
 4 0.275390625 0.337890625 0.01953125 0.06640625
 0 0.3369140625 0.5361328125 0.060546875 0.107421875
 4 0.3671875 0.3369140625 0.01953125 0.056640625
 0 0.384765625 0.525390625 0.04296875 0.06640625
 4 0.3740234375 0.345703125 0.017578125 0.046875
 0 0.4599609375 0.55078125 0.130859375 0.16015625
 4 0.4365234375 0.3505859375 0.033203125 0.076171875
 4 0.4365234375 0.349609375 0.017578125 0.05078125
 4 0.5751953125 0.435546875 0.017578125 0.0625
 4 0.578125 0.4287109375 0.015625 0.052734375
 0 0.8076171875 0.5185546875 0.056640625 0.087890625
 0 0.8291015625 0.509765625 0.087890625 0.078125
 0 0.9052734375 0.5146484375 0.158203125 0.095703125