
 0 0.0986328125 0.5576171875 0.193359375 0.224609375
 0 0.3115234375 0.537109375 0.142578125 0.1640625
 0 0.3115234375 0.5322265625 0.134765625 0.150390625
 0 0.3857421875 0.5029296875 0.037109375 0.056640625
 0 0.568359375 0.494140625 0.0234375 0.0546875
 0 0.5908203125 0.50390625 0.013671875 0.05078125
 0 0.62109375 0.5078125 0.0546875 0.07421875
 0 0.6142578125 0.505859375 0.033203125 0.0859375
 0 0.662109375 0.525390625 0.09375 0.08984375
 0 0.66796875 0.5205078125 0.09765625 0.107421875
 0 0.84375 0.5654296875 0.2265625 0.208984375
 0 0.8447265625 0.572265625 0.208984375 0.2109375