
 0 0.876953125 0.5947265625 0.24609375 0.298828125
 0 0.3505859375 0.4921875 0.041015625 0.05078125
 0 0.353515625 0.49609375 0.0390625 0.05078125
 4 0.4013671875 0.3857421875 0.013671875 0.025390625
 0 0.4306640625 0.4853515625 0.029296875 0.044921875
 4 0.4501953125 0.392578125 0.013671875 0.0234375
 0 0.46484375 0.486328125 0.03125 0.046875
 4 0.486328125 0.4033203125 0.01171875 0.025390625
 0 0.5126953125 0.4814453125 0.033203125 0.037109375
 4 0.560546875 0.447265625 0.01171875 0.02734375
 0 0.5986328125 0.5087890625 0.037109375 0.111328125
 4 0.6142578125 0.421875 0.017578125 0.03125
 0 0.6279296875 0.515625 0.044921875 0.12109375
 4 0.6162109375 0.4150390625 0.021484375 0.056640625
 0 0.689453125 0.529296875 0.1171875 0.12109375