
 0 0.0283203125 0.5576171875 0.056640625 0.060546875
 2 0.2421875 0.5322265625 0.02734375 0.052734375
 0 0.41015625 0.556640625 0.28515625 0.14453125
 4 0.4228515625 0.3193359375 0.017578125 0.060546875
 4 0.498046875 0.3193359375 0.0234375 0.068359375
 0 0.5625 0.5224609375 0.0703125 0.076171875
 3 0.5537109375 0.484375 0.029296875 0.02734375
 4 0.64453125 0.4130859375 0.0234375 0.068359375
 0 0.9443359375 0.7001953125 0.103515625 0.462890625
 0 0.9521484375 0.5185546875 0.080078125 0.095703125