
 0 0.0361328125 0.568359375 0.060546875 0.0859375
 0 0.0966796875 0.56640625 0.087890625 0.0859375
 0 0.1806640625 0.5703125 0.080078125 0.0703125
 3 0.2275390625 0.5224609375 0.072265625 0.115234375
 4 0.23046875 0.2421875 0.03125 0.078125
 4 0.232421875 0.2412109375 0.0234375 0.080078125
 0 0.271484375 0.5595703125 0.01171875 0.044921875
 0 0.3134765625 0.560546875 0.064453125 0.08984375
 0 0.400390625 0.5703125 0.09765625 0.12890625
 4 0.3720703125 0.2509765625 0.025390625 0.080078125
 4 0.3740234375 0.2470703125 0.025390625 0.072265625
 1 0.4794921875 0.54296875 0.025390625 0.07421875
 1 0.4755859375 0.546875 0.017578125 0.0546875
 4 0.5869140625 0.40625 0.021484375 0.078125
 1 0.658203125 0.5546875 0.0234375 0.12109375
 1 0.685546875 0.552734375 0.0234375 0.11328125
 1 0.7158203125 0.546875 0.025390625 0.1171875
 2 0.814453125 0.5537109375 0.05859375 0.177734375
 2 0.8095703125 0.5498046875 0.033203125 0.173828125
 1 0.81640625 0.552734375 0.02734375 0.13671875
 1 0.87109375 0.55078125 0.02734375 0.12890625