
 0 0.04296875 0.5712890625 0.0859375 0.115234375
 0 0.1044921875 0.5615234375 0.052734375 0.111328125
 0 0.1767578125 0.537109375 0.115234375 0.06640625
 0 0.2529296875 0.5322265625 0.044921875 0.056640625
 0 0.2998046875 0.5205078125 0.044921875 0.048828125
 0 0.40625 0.57421875 0.15234375 0.20703125
 0 0.537109375 0.5439453125 0.05078125 0.087890625
 0 0.603515625 0.53515625 0.11328125 0.1484375
 0 0.6494140625 0.5576171875 0.115234375 0.169921875
 0 0.7509765625 0.564453125 0.185546875 0.21875
 0 0.890625 0.591796875 0.21484375 0.30859375