
 0 0.1494140625 0.607421875 0.298828125 0.28125
 3 0.3662109375 0.4521484375 0.189453125 0.166015625
 0 0.4287109375 0.5400390625 0.173828125 0.173828125
 0 0.5673828125 0.509765625 0.052734375 0.0703125
 0 0.703125 0.4970703125 0.03515625 0.048828125
 3 0.7802734375 0.4853515625 0.052734375 0.095703125
 0 0.8056640625 0.517578125 0.052734375 0.08203125
 0 0.8076171875 0.5078125 0.044921875 0.0703125
 0 0.8564453125 0.5361328125 0.076171875 0.126953125
 0 0.9462890625 0.5791015625 0.103515625 0.306640625