
 0 0.1259765625 0.5625 0.251953125 0.53515625
 0 0.0595703125 0.4990234375 0.072265625 0.099609375
 4 0.234375 0.361328125 0.0234375 0.0625
 4 0.234375 0.3603515625 0.01953125 0.048828125
 0 0.2841796875 0.5361328125 0.115234375 0.126953125
 4 0.2919921875 0.3583984375 0.017578125 0.064453125
 0 0.3720703125 0.525390625 0.044921875 0.078125
 4 0.375 0.3564453125 0.01953125 0.056640625
 0 0.4501953125 0.537109375 0.169921875 0.203125
 4 0.3798828125 0.3515625 0.017578125 0.046875
 4 0.4404296875 0.3564453125 0.033203125 0.076171875
 4 0.4384765625 0.3515625 0.017578125 0.05078125
 4 0.5673828125 0.431640625 0.017578125 0.0625
 4 0.5673828125 0.4248046875 0.017578125 0.044921875
 0 0.7822265625 0.4990234375 0.056640625 0.072265625
 0 0.7861328125 0.5048828125 0.052734375 0.068359375
 0 0.861328125 0.517578125 0.1484375 0.20703125