
 1 0.5986328125 0.51171875 0.013671875 0.0859375
 1 0.0517578125 0.5458984375 0.021484375 0.080078125
 1 0.064453125 0.5361328125 0.01953125 0.076171875
 1 0.078125 0.52734375 0.015625 0.0546875
 0 0.1533203125 0.5380859375 0.111328125 0.072265625
 0 0.31640625 0.6396484375 0.28125 0.341796875
 4 0.2578125 0.4208984375 0.0234375 0.056640625
 0 0.4609375 0.5341796875 0.0859375 0.169921875
 0 0.5078125 0.5107421875 0.05859375 0.060546875
 4 0.5087890625 0.4072265625 0.021484375 0.060546875
 1 0.544921875 0.5244140625 0.0234375 0.107421875
 1 0.556640625 0.5146484375 0.015625 0.107421875
 1 0.5771484375 0.498046875 0.021484375 0.0703125
 1 0.5771484375 0.5126953125 0.021484375 0.115234375
 1 0.623046875 0.4892578125 0.01953125 0.056640625
 0 0.8466796875 0.57421875 0.294921875 0.41015625
 1 0.734375 0.4560546875 0.01953125 0.060546875