
 0 0.0634765625 0.634765625 0.126953125 0.3203125
 3 0.076171875 0.494140625 0.140625 0.1171875
 0 0.2939453125 0.658203125 0.330078125 0.421875
 0 0.154296875 0.5634765625 0.04296875 0.064453125
 4 0.33984375 0.2490234375 0.01953125 0.064453125
 3 0.486328125 0.51171875 0.0625 0.1171875
 4 0.4658203125 0.2802734375 0.017578125 0.060546875
 1 0.4931640625 0.533203125 0.029296875 0.09765625
 4 0.64453125 0.3974609375 0.0234375 0.060546875
 2 0.6865234375 0.529296875 0.072265625 0.1171875
 0 0.8857421875 0.5478515625 0.224609375 0.658203125