
 0 0.099609375 0.525390625 0.07421875 0.0625
 0 0.27734375 0.5419921875 0.13671875 0.158203125
 4 0.3232421875 0.3740234375 0.013671875 0.037109375
 4 0.388671875 0.3544921875 0.015625 0.037109375
 4 0.390625 0.3662109375 0.015625 0.041015625
 4 0.4443359375 0.3486328125 0.013671875 0.044921875
 0 0.4580078125 0.498046875 0.029296875 0.0390625
 0 0.505859375 0.5078125 0.05078125 0.0703125
 4 0.60546875 0.400390625 0.01953125 0.0546875
 0 0.6962890625 0.5029296875 0.060546875 0.048828125