
 1 0.9736328125 0.6044921875 0.052734375 0.400390625
 0 0.1474609375 0.54296875 0.060546875 0.08203125
 0 0.1484375 0.541015625 0.05078125 0.06640625
 0 0.2119140625 0.533203125 0.099609375 0.125
 0 0.2109375 0.533203125 0.0859375 0.10546875
 0 0.3203125 0.5224609375 0.05859375 0.083984375
 0 0.419921875 0.5224609375 0.07421875 0.091796875
 0 0.41796875 0.5244140625 0.0625 0.087890625
 4 0.5107421875 0.3486328125 0.025390625 0.087890625
 1 0.568359375 0.517578125 0.02734375 0.11328125
 1 0.6767578125 0.6083984375 0.076171875 0.611328125
 1 0.8134765625 0.583984375 0.072265625 0.56640625
 1 0.8544921875 0.630859375 0.107421875 0.703125