
 1 0.1904296875 0.5224609375 0.009765625 0.041015625
 3 0.0654296875 0.4970703125 0.111328125 0.115234375
 3 0.072265625 0.501953125 0.1171875 0.0859375
 0 0.21484375 0.509765625 0.0390625 0.05859375
 4 0.2421875 0.4365234375 0.0234375 0.048828125
 0 0.2666015625 0.5205078125 0.037109375 0.029296875
 0 0.34765625 0.51953125 0.04296875 0.05078125
 0 0.4765625 0.5185546875 0.046875 0.048828125
 0 0.4755859375 0.5244140625 0.033203125 0.041015625
 4 0.5185546875 0.419921875 0.017578125 0.046875
 0 0.6796875 0.50390625 0.1484375 0.08203125
 0 0.814453125 0.5 0.12890625 0.0625