
 4 0.060546875 0.4677734375 0.01953125 0.056640625
 4 0.0634765625 0.462890625 0.017578125 0.0390625
 2 0.0732421875 0.560546875 0.025390625 0.07421875
 0 0.181640625 0.564453125 0.1796875 0.1875
 0 0.3818359375 0.583984375 0.208984375 0.31640625
 4 0.376953125 0.34765625 0.01953125 0.0703125
 4 0.375 0.3369140625 0.015625 0.048828125
 0 0.5068359375 0.5224609375 0.029296875 0.044921875
 4 0.548828125 0.4365234375 0.01953125 0.064453125
 1 0.6240234375 0.537109375 0.033203125 0.12890625