
 0 0.134765625 0.537109375 0.0859375 0.06640625
 4 0.12890625 0.458984375 0.015625 0.04296875
 0 0.1962890625 0.5400390625 0.056640625 0.064453125
 0 0.4482421875 0.591796875 0.193359375 0.234375
 4 0.3828125 0.435546875 0.01171875 0.03515625
 1 0.576171875 0.5263671875 0.0234375 0.072265625
 1 0.576171875 0.5234375 0.015625 0.05859375
 4 0.5927734375 0.42578125 0.013671875 0.05078125
 0 0.673828125 0.5712890625 0.08984375 0.224609375
 0 0.837890625 0.5654296875 0.31640625 0.494140625