
 0 0.384765625 0.51953125 0.015625 0.0234375
 3 0.0673828125 0.5322265625 0.134765625 0.091796875
 4 0.359375 0.2099609375 0.0234375 0.083984375
 0 0.423828125 0.51953125 0.046875 0.0390625
 0 0.47265625 0.5185546875 0.046875 0.041015625
 4 0.59765625 0.3671875 0.02734375 0.078125
 1 0.7177734375 0.5263671875 0.025390625 0.103515625
 1 0.7236328125 0.525390625 0.025390625 0.12109375
 1 0.7412109375 0.5224609375 0.033203125 0.115234375
 1 0.7490234375 0.525390625 0.029296875 0.12109375
 1 0.888671875 0.5498046875 0.08203125 0.248046875
 4 0.97265625 0.0791015625 0.05078125 0.158203125