
 0 0.3583984375 0.5185546875 0.041015625 0.060546875
 0 0.4326171875 0.515625 0.044921875 0.05859375
 1 0.0439453125 0.5458984375 0.017578125 0.091796875
 1 0.0576171875 0.548828125 0.013671875 0.07421875
 1 0.0791015625 0.544921875 0.017578125 0.1015625
 0 0.126953125 0.5556640625 0.078125 0.080078125
 0 0.2275390625 0.544921875 0.083984375 0.09375
 0 0.283203125 0.529296875 0.03125 0.06640625
 0 0.3095703125 0.5185546875 0.029296875 0.064453125
 0 0.59765625 0.529296875 0.3203125 0.2265625
 4 0.58203125 0.3134765625 0.02734375 0.095703125
 1 0.9853515625 0.4775390625 0.025390625 0.154296875