
 0 0.0439453125 0.580078125 0.083984375 0.22265625
 0 0.9462890625 0.607421875 0.107421875 0.26953125
 0 0.2373046875 0.525390625 0.115234375 0.1171875
 0 0.326171875 0.5146484375 0.05859375 0.083984375
 0 0.373046875 0.498046875 0.03515625 0.06640625
 0 0.443359375 0.4853515625 0.046875 0.064453125
 0 0.4384765625 0.490234375 0.041015625 0.05078125
 0 0.56640625 0.490234375 0.0390625 0.05859375
 0 0.5947265625 0.494140625 0.037109375 0.09765625
 0 0.6181640625 0.4912109375 0.037109375 0.103515625
 0 0.6552734375 0.5078125 0.072265625 0.125
 0 0.736328125 0.5078125 0.13671875 0.17578125
 0 0.83203125 0.548828125 0.21484375 0.18359375