
 0 0.107421875 0.5283203125 0.125 0.134765625
 0 0.1103515625 0.5205078125 0.107421875 0.111328125
 0 0.193359375 0.5185546875 0.06640625 0.064453125
 0 0.1943359375 0.51953125 0.056640625 0.08203125
 0 0.2568359375 0.515625 0.060546875 0.06640625
 0 0.2607421875 0.515625 0.056640625 0.06640625
 0 0.36328125 0.48828125 0.02734375 0.03515625
 0 0.3798828125 0.4873046875 0.013671875 0.029296875
 0 0.3916015625 0.48828125 0.013671875 0.03125
 0 0.4462890625 0.4873046875 0.021484375 0.037109375
 0 0.486328125 0.4833984375 0.0234375 0.029296875
 0 0.525390625 0.4853515625 0.01953125 0.025390625
 0 0.5419921875 0.4951171875 0.033203125 0.052734375
 0 0.55078125 0.4873046875 0.04296875 0.044921875