
 0 0.11328125 0.5634765625 0.06640625 0.076171875
 0 0.119140625 0.560546875 0.07421875 0.07421875
 0 0.1767578125 0.5439453125 0.048828125 0.052734375
 0 0.16796875 0.54296875 0.03125 0.0390625
 0 0.2001953125 0.53515625 0.037109375 0.02734375
 0 0.3642578125 0.5087890625 0.025390625 0.052734375
 0 0.396484375 0.513671875 0.04296875 0.0625
 4 0.41796875 0.1953125 0.03515625 0.09375
 4 0.4150390625 0.212890625 0.029296875 0.078125
 4 0.6806640625 0.3154296875 0.029296875 0.076171875
 4 0.677734375 0.3271484375 0.015625 0.052734375