
 3 0.07421875 0.533203125 0.1484375 0.16015625
 0 0.1572265625 0.591796875 0.076171875 0.06640625
 0 0.2119140625 0.5830078125 0.048828125 0.064453125
 0 0.248046875 0.572265625 0.03125 0.0546875
 0 0.3046875 0.5693359375 0.03125 0.037109375
 0 0.3857421875 0.611328125 0.134765625 0.1796875
 4 0.3349609375 0.2685546875 0.025390625 0.076171875
 4 0.4658203125 0.3046875 0.021484375 0.0703125
 0 0.48046875 0.5556640625 0.03125 0.048828125
 0 0.8037109375 0.6103515625 0.388671875 0.416015625
 4 0.6455078125 0.41796875 0.021484375 0.06640625