
 0 0.09375 0.5927734375 0.1875 0.255859375
 3 0.0888671875 0.4697265625 0.150390625 0.115234375
 3 0.0849609375 0.466796875 0.142578125 0.1015625
 0 0.1845703125 0.544921875 0.048828125 0.0703125
 0 0.1875 0.5390625 0.046875 0.05078125
 0 0.337890625 0.599609375 0.23828125 0.296875
 4 0.3427734375 0.248046875 0.017578125 0.05859375
 3 0.49609375 0.48046875 0.08203125 0.12109375
 4 0.46484375 0.2802734375 0.01953125 0.060546875
 4 0.46484375 0.28125 0.01953125 0.0625
 4 0.62890625 0.388671875 0.015625 0.0546875
 4 0.6298828125 0.390625 0.017578125 0.05859375
 1 0.642578125 0.5166015625 0.0234375 0.091796875
 0 0.833984375 0.6171875 0.328125 0.71484375
 0 0.837890625 0.5947265625 0.31640625 0.650390625