
 0 0.0400390625 0.5283203125 0.076171875 0.095703125
 0 0.130859375 0.5126953125 0.09765625 0.095703125
 0 0.205078125 0.50390625 0.08203125 0.0859375
 4 0.2197265625 0.2333984375 0.025390625 0.072265625
 None 0.3466796875 0.24609375 0.021484375 0.078125
 0 0.3994140625 0.50390625 0.029296875 0.0390625
 0 0.435546875 0.5068359375 0.03515625 0.048828125
 0 0.5126953125 0.501953125 0.029296875 0.046875
 None 0.681640625 0.3779296875 0.0234375 0.056640625
 0 0.8681640625 0.4775390625 0.068359375 0.044921875