
 3 0.0654296875 0.4833984375 0.130859375 0.181640625
 0 0.1181640625 0.5625 0.107421875 0.11328125
 3 0.1806640625 0.5078125 0.134765625 0.171875
 0 0.185546875 0.5029296875 0.1328125 0.138671875
 0 0.3203125 0.6005859375 0.21484375 0.275390625
 0 0.3994140625 0.5 0.150390625 0.22265625
 3 0.400390625 0.52734375 0.12890625 0.19140625
 0 0.509765625 0.5380859375 0.05859375 0.072265625
 0 0.5859375 0.5341796875 0.10546875 0.146484375
 0 0.6572265625 0.5556640625 0.169921875 0.173828125
 0 0.7509765625 0.4755859375 0.095703125 0.185546875
 3 0.759765625 0.4970703125 0.1015625 0.181640625