
 0 0.068359375 0.533203125 0.13671875 0.22265625
 4 0.0498046875 0.375 0.029296875 0.08203125
 0 0.263671875 0.5146484375 0.08203125 0.095703125
 0 0.37109375 0.5078125 0.06640625 0.08203125
 0 0.4111328125 0.5068359375 0.029296875 0.091796875
 0 0.412109375 0.505859375 0.02734375 0.0625
 0 0.4677734375 0.490234375 0.083984375 0.09765625
 0 0.4677734375 0.5 0.076171875 0.10546875
 0 0.5478515625 0.5029296875 0.056640625 0.072265625
 4 0.53515625 0.2421875 0.0234375 0.08203125
 0 0.8515625 0.599609375 0.28515625 0.42578125
 4 0.751953125 0.369140625 0.02734375 0.0703125