
 0 0.0302734375 0.56640625 0.060546875 0.20703125
 0 0.0361328125 0.5908203125 0.072265625 0.193359375
 0 0.0869140625 0.5576171875 0.095703125 0.193359375
 0 0.1123046875 0.53515625 0.072265625 0.13671875
 0 0.1240234375 0.53125 0.052734375 0.140625
 0 0.1728515625 0.541015625 0.083984375 0.14453125
 0 0.1787109375 0.5361328125 0.087890625 0.119140625
 1 0.23046875 0.5078125 0.03125 0.14453125
 1 0.2294921875 0.505859375 0.025390625 0.140625
 0 0.298828125 0.521484375 0.1015625 0.07421875
 1 0.2607421875 0.5087890625 0.025390625 0.130859375
 1 0.26171875 0.5087890625 0.0234375 0.111328125
 0 0.298828125 0.5224609375 0.09375 0.080078125
 0 0.3349609375 0.5068359375 0.064453125 0.068359375
 0 0.3583984375 0.5078125 0.103515625 0.078125
 3 0.3515625 0.5146484375 0.0234375 0.080078125
 3 0.3759765625 0.5078125 0.068359375 0.078125
 3 0.4482421875 0.4794921875 0.056640625 0.123046875
 3 0.453125 0.482421875 0.0546875 0.12109375
 0 0.5107421875 0.51953125 0.044921875 0.05859375
 0 0.513671875 0.521484375 0.046875 0.05859375
 3 0.51953125 0.455078125 0.05859375 0.0859375
 3 0.5166015625 0.4765625 0.052734375 0.125
 1 0.5947265625 0.5537109375 0.056640625 0.357421875
 1 0.6484375 0.5498046875 0.0703125 0.357421875
 1 0.66796875 0.5 0.02734375 0.1328125