
 0 0.978515625 0.6806640625 0.04296875 0.251953125
 0 0.0693359375 0.5771484375 0.138671875 0.228515625
 0 0.1845703125 0.5361328125 0.103515625 0.158203125
 0 0.248046875 0.5244140625 0.08984375 0.119140625
 0 0.263671875 0.5302734375 0.0703125 0.126953125
 0 0.3076171875 0.515625 0.048828125 0.1015625
 0 0.3447265625 0.498046875 0.037109375 0.0859375
 0 0.3701171875 0.5048828125 0.025390625 0.068359375
 0 0.5673828125 0.4794921875 0.029296875 0.029296875
 0 0.748046875 0.5595703125 0.125 0.197265625
 0 0.875 0.5849609375 0.1953125 0.267578125
 0 0.8876953125 0.583984375 0.208984375 0.2421875