
 0 0.091796875 0.4853515625 0.03125 0.025390625
 0 0.095703125 0.513671875 0.02734375 0.02734375
 0 0.1767578125 0.4970703125 0.087890625 0.068359375
 0 0.3173828125 0.4833984375 0.052734375 0.048828125
 0 0.3095703125 0.4912109375 0.037109375 0.064453125
 0 0.3544921875 0.515625 0.083984375 0.0703125
 0 0.44921875 0.4990234375 0.04296875 0.041015625
 0 0.48828125 0.4970703125 0.02734375 0.037109375
 4 0.5703125 0.0283203125 0.02734375 0.056640625
 4 0.5654296875 0.3603515625 0.013671875 0.052734375
 4 0.65234375 0.35546875 0.015625 0.0390625
 4 0.7255859375 0.40625 0.013671875 0.04296875
 4 0.7294921875 0.408203125 0.013671875 0.02734375
 3 0.8017578125 0.466796875 0.138671875 0.10546875
 4 0.8017578125 0.072265625 0.025390625 0.08984375
 2 0.9658203125 0.4921875 0.029296875 0.1015625
 1 0.9736328125 0.4853515625 0.029296875 0.142578125
 1 0.9921875 0.4814453125 0.01171875 0.083984375