
 1 0.0625 0.5537109375 0.02734375 0.103515625
 1 0.0615234375 0.544921875 0.017578125 0.09765625
 0 0.1103515625 0.5546875 0.091796875 0.08203125
 0 0.1630859375 0.517578125 0.033203125 0.04296875
 0 0.2099609375 0.5478515625 0.099609375 0.111328125
 0 0.2685546875 0.5224609375 0.060546875 0.099609375
 0 0.34375 0.5087890625 0.046875 0.029296875
 1 0.380859375 0.5078125 0.01953125 0.0546875
 1 0.3974609375 0.5078125 0.013671875 0.046875
 0 0.435546875 0.5078125 0.02734375 0.06640625
 0 0.4951171875 0.5185546875 0.080078125 0.115234375
 1 0.6591796875 0.4873046875 0.025390625 0.115234375
 1 0.689453125 0.4931640625 0.03125 0.134765625
 0 0.9599609375 0.5244140625 0.076171875 0.142578125