
 0 0.0654296875 0.6220703125 0.130859375 0.365234375
 0 0.1162109375 0.5390625 0.041015625 0.0703125
 1 0.1474609375 0.560546875 0.048828125 0.21875
 0 0.173828125 0.541015625 0.05078125 0.05078125
 0 0.3310546875 0.6572265625 0.330078125 0.416015625
 4 0.2783203125 0.28125 0.025390625 0.06640625
 4 0.388671875 0.2861328125 0.0234375 0.076171875
 1 0.4892578125 0.5244140625 0.021484375 0.068359375
 1 0.5556640625 0.5263671875 0.021484375 0.080078125
 1 0.5576171875 0.5263671875 0.021484375 0.072265625
 4 0.564453125 0.4140625 0.02734375 0.07421875
 1 0.5732421875 0.51953125 0.017578125 0.0859375
 1 0.5830078125 0.5205078125 0.017578125 0.080078125
 1 0.5966796875 0.5205078125 0.025390625 0.091796875
 2 0.6259765625 0.5283203125 0.033203125 0.091796875
 2 0.6552734375 0.52734375 0.033203125 0.08984375
 1 0.6865234375 0.525390625 0.021484375 0.0859375
 1 0.701171875 0.5263671875 0.0234375 0.087890625
 1 0.724609375 0.521484375 0.01953125 0.0859375
 1 0.779296875 0.521484375 0.03515625 0.125
 0 0.951171875 0.51953125 0.09375 0.08203125