
 0 0.1357421875 0.5537109375 0.208984375 0.185546875
 1 0.2822265625 0.5986328125 0.091796875 0.419921875
 0 0.31640625 0.5234375 0.03515625 0.09765625
 1 0.3564453125 0.5673828125 0.072265625 0.412109375
 3 0.392578125 0.48046875 0.02734375 0.046875
 0 0.400390625 0.5048828125 0.03515625 0.048828125
 0 0.46484375 0.5078125 0.06640625 0.11328125
 0 0.517578125 0.5029296875 0.0390625 0.056640625
 0 0.5869140625 0.5322265625 0.076171875 0.087890625
 0 0.9619140625 0.5146484375 0.076171875 0.091796875