
 0 0.154296875 0.53515625 0.078125 0.078125
 0 0.0810546875 0.544921875 0.103515625 0.109375
 0 0.0751953125 0.5537109375 0.091796875 0.107421875
 0 0.236328125 0.5322265625 0.05078125 0.060546875
 0 0.263671875 0.5341796875 0.0625 0.064453125
 0 0.267578125 0.537109375 0.06640625 0.0625
 0 0.310546875 0.5263671875 0.05078125 0.048828125
 0 0.373046875 0.5234375 0.04296875 0.05078125
 4 0.421875 0.3203125 0.01953125 0.0625
 3 0.505859375 0.4814453125 0.0546875 0.166015625
 4 0.5 0.3173828125 0.0234375 0.064453125
 3 0.763671875 0.4296875 0.46875 0.37890625
 0 0.9404296875 0.7197265625 0.111328125 0.533203125
 0 0.943359375 0.6728515625 0.109375 0.439453125