
 0 0.9306640625 0.740234375 0.138671875 0.41015625
 1 0.1279296875 0.5546875 0.048828125 0.1875
 1 0.171875 0.54296875 0.0390625 0.2109375
 0 0.201171875 0.5400390625 0.05078125 0.072265625
 0 0.2060546875 0.544921875 0.033203125 0.078125
 0 0.2265625 0.544921875 0.0390625 0.07421875
 0 0.2333984375 0.54296875 0.025390625 0.05859375
 1 0.427734375 0.5283203125 0.0546875 0.197265625
 0 0.4306640625 0.52734375 0.041015625 0.19140625
 0 0.529296875 0.5498046875 0.140625 0.103515625
 0 0.63671875 0.5537109375 0.10546875 0.095703125
 0 0.6328125 0.5576171875 0.08984375 0.080078125
 0 0.728515625 0.58203125 0.09375 0.15234375
 0 0.8779296875 0.587890625 0.244140625 0.25390625