
 3 0.0732421875 0.3779296875 0.146484375 0.326171875
 3 0.080078125 0.3779296875 0.16015625 0.294921875
 0 0.048828125 0.537109375 0.09765625 0.19140625
 0 0.1962890625 0.5283203125 0.197265625 0.212890625
 4 0.25390625 0.3349609375 0.01953125 0.048828125
 0 0.482421875 0.654296875 0.38671875 0.4765625
 4 0.30859375 0.337890625 0.01953125 0.05078125
 4 0.3916015625 0.333984375 0.017578125 0.046875
 4 0.447265625 0.33984375 0.01953125 0.046875
 4 0.5712890625 0.4072265625 0.017578125 0.044921875
 0 0.798828125 0.4853515625 0.04296875 0.068359375
 0 0.9052734375 0.4873046875 0.173828125 0.134765625