
 0 0.0302734375 0.5283203125 0.060546875 0.123046875
 0 0.8125 0.578125 0.2421875 0.23046875
 0 0.1396484375 0.51171875 0.087890625 0.06640625
 4 0.2431640625 0.4482421875 0.013671875 0.048828125
 4 0.2421875 0.4453125 0.01171875 0.03125
 0 0.287109375 0.49609375 0.03125 0.04296875
 0 0.37890625 0.4970703125 0.046875 0.064453125
 0 0.37890625 0.4921875 0.03515625 0.0546875
 4 0.4072265625 0.3720703125 0.017578125 0.052734375
 4 0.408203125 0.369140625 0.015625 0.0234375
 0 0.4365234375 0.4892578125 0.044921875 0.056640625
 4 0.462890625 0.3779296875 0.01953125 0.041015625
 4 0.4638671875 0.3798828125 0.013671875 0.025390625
 4 0.560546875 0.43359375 0.0234375 0.04296875
 4 0.55859375 0.4375 0.015625 0.0234375
 0 0.572265625 0.5107421875 0.0234375 0.080078125
 0 0.607421875 0.5126953125 0.078125 0.087890625
 0 0.6005859375 0.5126953125 0.048828125 0.103515625
 4 0.60546875 0.408203125 0.015625 0.046875
 4 0.60546875 0.4248046875 0.01171875 0.025390625
 0 0.654296875 0.5263671875 0.078125 0.189453125
 0 0.6845703125 0.5166015625 0.134765625 0.158203125