
 0 0.421875 0.4873046875 0.015625 0.025390625
 0 0.0361328125 0.5263671875 0.072265625 0.060546875
 0 0.1923828125 0.53515625 0.150390625 0.15625
 0 0.29296875 0.5009765625 0.03125 0.041015625
 4 0.326171875 0.4482421875 0.01171875 0.025390625
 0 0.3505859375 0.509765625 0.037109375 0.0546875
 4 0.3798828125 0.3603515625 0.017578125 0.041015625
 4 0.380859375 0.3671875 0.015625 0.03515625
 0 0.388671875 0.494140625 0.03125 0.0390625
 4 0.44140625 0.3623046875 0.015625 0.033203125
 4 0.44140625 0.373046875 0.015625 0.04296875
 4 0.552734375 0.4326171875 0.015625 0.033203125