
 0 0.0546875 0.53125 0.109375 0.2265625
 0 0.0673828125 0.490234375 0.095703125 0.08984375
 0 0.2001953125 0.5322265625 0.216796875 0.267578125
 0 0.2041015625 0.525390625 0.197265625 0.19921875
 4 0.251953125 0.3408203125 0.0234375 0.064453125
 4 0.25390625 0.3349609375 0.01953125 0.048828125
 0 0.4931640625 0.6337890625 0.458984375 0.474609375
 4 0.306640625 0.341796875 0.01953125 0.0546875
 4 0.3857421875 0.33984375 0.017578125 0.0546875
 4 0.3916015625 0.333984375 0.017578125 0.046875
 4 0.4462890625 0.34375 0.033203125 0.07421875
 4 0.4462890625 0.3408203125 0.017578125 0.048828125
 4 0.5693359375 0.4150390625 0.017578125 0.060546875
 4 0.5732421875 0.4072265625 0.017578125 0.044921875
 0 0.8388671875 0.4853515625 0.142578125 0.095703125