
 2 0.6640625 0.5283203125 0.01953125 0.087890625
 1 0.060546875 0.548828125 0.0234375 0.07421875
 1 0.064453125 0.546875 0.02734375 0.09375
 0 0.123046875 0.5380859375 0.07421875 0.076171875
 2 0.1650390625 0.5390625 0.044921875 0.08984375
 1 0.1708984375 0.537109375 0.021484375 0.08203125
 0 0.330078125 0.65234375 0.33203125 0.41796875
 4 0.28125 0.2763671875 0.01953125 0.064453125
 4 0.390625 0.2861328125 0.01953125 0.072265625
 0 0.5625 0.5439453125 0.2109375 0.138671875
 2 0.6015625 0.5361328125 0.12109375 0.189453125
 4 0.5634765625 0.408203125 0.021484375 0.0625
 1 0.638671875 0.5048828125 0.0234375 0.068359375