
 1 0.8544921875 0.486328125 0.029296875 0.13671875
 4 0.017578125 0.357421875 0.03515625 0.09765625
 1 0.013671875 0.5537109375 0.02734375 0.119140625
 1 0.0576171875 0.55859375 0.037109375 0.1328125
 1 0.1083984375 0.5595703125 0.044921875 0.123046875
 0 0.400390625 0.5283203125 0.0546875 0.076171875
 1 0.515625 0.609375 0.24609375 0.6796875
 1 0.5859375 0.5048828125 0.0390625 0.123046875
 1 0.6455078125 0.505859375 0.033203125 0.10546875
 1 0.8896484375 0.4912109375 0.060546875 0.197265625