
 0 0.9423828125 0.6455078125 0.115234375 0.384765625
 0 0.0498046875 0.509765625 0.072265625 0.0859375
 0 0.052734375 0.5087890625 0.05859375 0.099609375
 4 0.0986328125 0.3564453125 0.017578125 0.048828125
 4 0.099609375 0.34765625 0.015625 0.0390625
 0 0.140625 0.501953125 0.05859375 0.0703125
 0 0.142578125 0.5009765625 0.046875 0.048828125
 0 0.1865234375 0.5029296875 0.037109375 0.064453125
 4 0.177734375 0.36328125 0.015625 0.03515625
 4 0.1806640625 0.3701171875 0.013671875 0.037109375
 0 0.23046875 0.498046875 0.0546875 0.07421875
 0 0.26953125 0.498046875 0.02734375 0.04296875
 4 0.2822265625 0.447265625 0.013671875 0.03125
 4 0.28515625 0.4404296875 0.015625 0.041015625
 0 0.5869140625 0.48046875 0.068359375 0.0625
 0 0.6015625 0.4736328125 0.06640625 0.037109375
 4 0.5859375 0.3759765625 0.01953125 0.037109375
 4 0.587890625 0.3662109375 0.015625 0.052734375