
 4 0.1982421875 0.2060546875 0.025390625 0.080078125
 0 0.3076171875 0.4921875 0.076171875 0.0703125
 3 0.36328125 0.4599609375 0.07421875 0.091796875
 4 0.33984375 0.208984375 0.0234375 0.0703125
 0 0.41796875 0.4794921875 0.04296875 0.056640625
 4 0.44921875 0.2265625 0.02734375 0.07421875
 3 0.486328125 0.4755859375 0.06640625 0.060546875
 0 0.6015625 0.4794921875 0.0390625 0.044921875
 0 0.603515625 0.482421875 0.03515625 0.03515625
 0 0.64453125 0.474609375 0.05078125 0.046875
 4 0.6640625 0.3544921875 0.0234375 0.060546875