
 1 0.08203125 0.5546875 0.0390625 0.1328125
 0 0.1044921875 0.552734375 0.033203125 0.12109375
 1 0.1025390625 0.548828125 0.017578125 0.1328125
 1 0.1650390625 0.5263671875 0.025390625 0.083984375
 1 0.166015625 0.5244140625 0.0234375 0.080078125
 1 0.267578125 0.5263671875 0.03125 0.119140625
 2 0.2890625 0.5224609375 0.01953125 0.056640625
 0 0.3486328125 0.517578125 0.044921875 0.046875
 0 0.4150390625 0.5224609375 0.103515625 0.056640625
 0 0.416015625 0.5185546875 0.09375 0.060546875
 1 0.44921875 0.5458984375 0.03125 0.103515625
 1 0.4833984375 0.5234375 0.029296875 0.14453125
 1 0.5615234375 0.6064453125 0.142578125 0.412109375
 1 0.568359375 0.572265625 0.0546875 0.3359375
 1 0.5732421875 0.58203125 0.044921875 0.34765625
 1 0.6279296875 0.572265625 0.095703125 0.421875
 1 0.7177734375 0.5830078125 0.076171875 0.341796875
 0 0.8603515625 0.55078125 0.275390625 0.2265625