
 0 0.0703125 0.537109375 0.13671875 0.34375
 0 0.287109375 0.49609375 0.078125 0.09375
 0 0.4013671875 0.498046875 0.048828125 0.0703125
 4 0.3857421875 0.453125 0.013671875 0.03125
 4 0.388671875 0.4482421875 0.015625 0.025390625
 0 0.4970703125 0.517578125 0.126953125 0.1796875
 4 0.486328125 0.40625 0.01953125 0.03125
 4 0.48828125 0.408203125 0.01171875 0.03125
 4 0.533203125 0.453125 0.01171875 0.03125
 4 0.5400390625 0.4423828125 0.013671875 0.029296875
 4 0.5400390625 0.4462890625 0.009765625 0.025390625
 0 0.5673828125 0.5078125 0.056640625 0.09375
 0 0.6328125 0.5185546875 0.10546875 0.107421875