
 0 0.216796875 0.705078125 0.43359375 0.48828125
 1 0.126953125 0.416015625 0.015625 0.03125
 4 0.150390625 0.3984375 0.015625 0.0546875
 0 0.4462890625 0.53125 0.033203125 0.046875
 4 0.52734375 0.3701171875 0.01953125 0.068359375
 1 0.6240234375 0.5458984375 0.017578125 0.076171875
 1 0.642578125 0.525390625 0.01953125 0.07421875
 1 0.6728515625 0.5341796875 0.025390625 0.095703125
 1 0.83984375 0.5283203125 0.04296875 0.240234375
 1 0.892578125 0.5244140625 0.046875 0.240234375
 1 0.98046875 0.5478515625 0.03515625 0.220703125