
 1 0.205078125 0.490234375 0.0234375 0.07421875
 1 0.205078125 0.474609375 0.015625 0.05859375
 0 0.234375 0.4853515625 0.05859375 0.037109375
 0 0.3017578125 0.4736328125 0.072265625 0.048828125
 0 0.30078125 0.478515625 0.0625 0.03515625
 1 0.2998046875 0.4794921875 0.017578125 0.060546875
 0 0.298828125 0.4765625 0.01171875 0.04296875
 4 0.6884765625 0.3642578125 0.013671875 0.033203125
 4 0.7392578125 0.3759765625 0.013671875 0.033203125
 4 0.869140625 0.396484375 0.0234375 0.0546875
 4 0.8681640625 0.4091796875 0.017578125 0.033203125