
 0 0.330078125 0.65234375 0.32421875 0.41015625
 4 0.28125 0.275390625 0.01953125 0.05859375
 4 0.390625 0.287109375 0.015625 0.06640625
 1 0.5361328125 0.5283203125 0.013671875 0.080078125
 1 0.5458984375 0.5185546875 0.013671875 0.072265625
 4 0.5625 0.4072265625 0.01953125 0.060546875
 1 0.568359375 0.5244140625 0.0234375 0.095703125
 1 0.58203125 0.5166015625 0.01953125 0.072265625
 1 0.583984375 0.517578125 0.0234375 0.08203125
 2 0.6611328125 0.5283203125 0.037109375 0.091796875
 2 0.7373046875 0.5263671875 0.064453125 0.099609375
 0 0.951171875 0.5185546875 0.09375 0.087890625