
 0 0.0341796875 0.6279296875 0.068359375 0.130859375
 0 0.134765625 0.58203125 0.109375 0.12109375
 0 0.2041015625 0.5693359375 0.044921875 0.091796875
 1 0.25 0.5634765625 0.015625 0.076171875
 1 0.263671875 0.5615234375 0.01171875 0.087890625
 4 0.265625 0.4765625 0.01171875 0.03125
 1 0.279296875 0.556640625 0.015625 0.078125
 1 0.3544921875 0.5478515625 0.017578125 0.076171875
 1 0.4482421875 0.5478515625 0.017578125 0.083984375
 0 0.513671875 0.5634765625 0.05078125 0.107421875
 4 0.50390625 0.4599609375 0.015625 0.048828125
 0 0.5517578125 0.57421875 0.056640625 0.13671875
 0 0.591796875 0.599609375 0.06640625 0.16796875
 0 0.810546875 0.642578125 0.375 0.3671875