
 1 0.669921875 0.5234375 0.015625 0.05078125
 0 0.9423828125 0.552734375 0.111328125 0.12109375
 0 0.0673828125 0.5654296875 0.064453125 0.044921875
 4 0.3701171875 0.44921875 0.009765625 0.04296875
 0 0.4208984375 0.5341796875 0.048828125 0.068359375
 0 0.482421875 0.5341796875 0.03125 0.037109375
 4 0.482421875 0.37109375 0.01171875 0.0390625
 0 0.501953125 0.5224609375 0.0234375 0.029296875
 0 0.525390625 0.537109375 0.0625 0.08203125
 4 0.5517578125 0.3564453125 0.013671875 0.044921875
 0 0.7451171875 0.53515625 0.091796875 0.0859375