
 4 0.0400390625 0.4404296875 0.025390625 0.060546875
 2 0.037109375 0.544921875 0.015625 0.06640625
 2 0.0654296875 0.5400390625 0.013671875 0.068359375
 3 0.1650390625 0.5263671875 0.083984375 0.083984375
 0 0.2353515625 0.5380859375 0.056640625 0.048828125
 3 0.2353515625 0.5126953125 0.056640625 0.056640625
 3 0.3193359375 0.4873046875 0.099609375 0.146484375
 0 0.3818359375 0.5234375 0.033203125 0.03515625
 0 0.4140625 0.515625 0.03515625 0.03515625
 4 0.443359375 0.3271484375 0.01953125 0.060546875
 4 0.517578125 0.3271484375 0.0234375 0.064453125
 4 0.6552734375 0.4140625 0.021484375 0.06640625