
 0 0.2275390625 0.5234375 0.072265625 0.05078125
 0 0.2294921875 0.521484375 0.068359375 0.05078125
 0 0.4580078125 0.513671875 0.041015625 0.0390625
 0 0.5263671875 0.4951171875 0.080078125 0.134765625
 3 0.525390625 0.5009765625 0.06640625 0.130859375
 0 0.572265625 0.5087890625 0.0390625 0.060546875
 0 0.6357421875 0.505859375 0.037109375 0.046875
 0 0.69140625 0.509765625 0.03125 0.04296875
 0 0.7568359375 0.505859375 0.064453125 0.046875
 0 0.9169921875 0.4833984375 0.154296875 0.068359375