
 0 0.8818359375 0.5478515625 0.236328125 0.279296875
 0 0.119140625 0.541015625 0.1640625 0.14453125
 0 0.2421875 0.5146484375 0.09375 0.103515625
 0 0.2890625 0.486328125 0.07421875 0.1171875
 0 0.3447265625 0.48046875 0.060546875 0.07421875
 0 0.34765625 0.48046875 0.0625 0.07421875
 0 0.3857421875 0.484375 0.041015625 0.0703125
 0 0.58203125 0.4951171875 0.05078125 0.068359375
 0 0.6025390625 0.50390625 0.037109375 0.078125
 0 0.638671875 0.5068359375 0.0625 0.115234375
 0 0.666015625 0.5224609375 0.05859375 0.107421875
 0 0.7333984375 0.5439453125 0.095703125 0.130859375
 0 0.7353515625 0.54296875 0.095703125 0.1171875