
 0 0.064453125 0.6328125 0.12890625 0.32421875
 3 0.0751953125 0.49609375 0.142578125 0.12890625
 0 0.1533203125 0.5615234375 0.048828125 0.064453125
 0 0.2958984375 0.658203125 0.330078125 0.421875
 4 0.3388671875 0.248046875 0.021484375 0.06640625
 4 0.46484375 0.279296875 0.01953125 0.06640625
 3 0.4736328125 0.5068359375 0.037109375 0.076171875
 1 0.5244140625 0.5283203125 0.033203125 0.091796875
 1 0.5146484375 0.5302734375 0.013671875 0.087890625
 4 0.6416015625 0.396484375 0.021484375 0.0625
 0 0.8828125 0.5537109375 0.23046875 0.666015625