
 0 0.8876953125 0.63671875 0.220703125 0.3515625
 0 0.1123046875 0.56640625 0.216796875 0.40234375
 0 0.2431640625 0.5146484375 0.044921875 0.052734375
 0 0.24609375 0.509765625 0.04296875 0.046875
 0 0.3408203125 0.4951171875 0.033203125 0.041015625
 0 0.3388671875 0.498046875 0.029296875 0.04296875
 0 0.3642578125 0.494140625 0.021484375 0.0390625
 0 0.4140625 0.498046875 0.05859375 0.078125
 0 0.443359375 0.48828125 0.03515625 0.05078125
 0 0.4990234375 0.4853515625 0.021484375 0.021484375
 0 0.548828125 0.5 0.03515625 0.05859375
 0 0.5712890625 0.501953125 0.025390625 0.10546875
 0 0.6103515625 0.5087890625 0.080078125 0.103515625
 0 0.6982421875 0.498046875 0.087890625 0.05859375
 0 0.8203125 0.498046875 0.16015625 0.11328125