
 0 0.953125 0.509765625 0.09375 0.1015625
 4 0.146484375 0.3779296875 0.0234375 0.052734375
 0 0.28515625 0.5166015625 0.05859375 0.091796875
 0 0.330078125 0.51953125 0.0390625 0.05859375
 0 0.3330078125 0.517578125 0.029296875 0.0625
 0 0.361328125 0.505859375 0.04296875 0.0546875
 0 0.3603515625 0.51171875 0.029296875 0.0625
 0 0.388671875 0.5087890625 0.01953125 0.052734375
 0 0.40234375 0.50390625 0.01953125 0.05078125
 0 0.498046875 0.5029296875 0.046875 0.072265625
 4 0.5244140625 0.232421875 0.021484375 0.04296875
 0 0.5634765625 0.501953125 0.044921875 0.07421875
 4 0.681640625 0.3671875 0.02734375 0.0625
 4 0.68359375 0.3544921875 0.02734375 0.068359375