
 1 0.03515625 0.5283203125 0.0234375 0.072265625
 1 0.03125 0.52734375 0.015625 0.0703125
 1 0.0458984375 0.5302734375 0.037109375 0.134765625
 1 0.0625 0.52734375 0.01953125 0.05859375
 1 0.0732421875 0.53515625 0.017578125 0.0546875
 1 0.1201171875 0.5224609375 0.013671875 0.056640625
 1 0.134765625 0.5185546875 0.015625 0.064453125
 1 0.1591796875 0.513671875 0.013671875 0.0546875
 4 0.193359375 0.412109375 0.015625 0.0390625
 0 0.2568359375 0.52734375 0.041015625 0.0546875
 0 0.2587890625 0.5283203125 0.037109375 0.052734375
 0 0.3369140625 0.55859375 0.142578125 0.17578125
 1 0.3779296875 0.4775390625 0.013671875 0.021484375
 0 0.421875 0.5048828125 0.0703125 0.072265625
 1 0.4716796875 0.5341796875 0.033203125 0.111328125
 4 0.46875 0.38671875 0.015625 0.0546875
 1 0.505859375 0.51171875 0.03515625 0.125
 1 0.5068359375 0.5185546875 0.037109375 0.126953125
 1 0.5712890625 0.5068359375 0.017578125 0.072265625
 1 0.6015625 0.5263671875 0.01953125 0.083984375
 1 0.8076171875 0.455078125 0.025390625 0.09375
 1 0.8212890625 0.470703125 0.033203125 0.11328125
 1 0.86328125 0.44921875 0.02734375 0.1171875