
 0 0.9345703125 0.541015625 0.130859375 0.109375
 0 0.2646484375 0.611328125 0.349609375 0.50390625
 4 0.4345703125 0.46484375 0.013671875 0.03515625
 0 0.4541015625 0.564453125 0.041015625 0.1640625
 0 0.51171875 0.5078125 0.03125 0.05078125
 4 0.5771484375 0.375 0.021484375 0.05078125
 4 0.5751953125 0.373046875 0.013671875 0.05078125
 0 0.607421875 0.5126953125 0.0234375 0.037109375
 4 0.671875 0.4404296875 0.015625 0.037109375
 4 0.671875 0.4521484375 0.01171875 0.037109375
 4 0.94140625 0.365234375 0.015625 0.046875
 4 0.94140625 0.37890625 0.01171875 0.05078125