
 0 0.0400390625 0.5947265625 0.080078125 0.130859375
 0 0.8642578125 0.5869140625 0.271484375 0.423828125
 0 0.2587890625 0.533203125 0.064453125 0.08203125
 0 0.26171875 0.5322265625 0.06640625 0.068359375
 0 0.32421875 0.5244140625 0.03515625 0.044921875
 0 0.4296875 0.5322265625 0.05078125 0.072265625
 0 0.4326171875 0.525390625 0.044921875 0.05859375
 0 0.5205078125 0.5244140625 0.056640625 0.068359375
 0 0.5234375 0.5244140625 0.0546875 0.064453125
 0 0.6591796875 0.5263671875 0.158203125 0.220703125