
 0 0.3544921875 0.525390625 0.072265625 0.0546875
 0 0.3564453125 0.5205078125 0.060546875 0.041015625
 0 0.4560546875 0.5546875 0.111328125 0.13671875
 4 0.41015625 0.427734375 0.015625 0.04296875
 4 0.4130859375 0.4287109375 0.017578125 0.041015625
 0 0.4521484375 0.5537109375 0.095703125 0.123046875
 4 0.453125 0.421875 0.015625 0.0390625
 4 0.4560546875 0.416015625 0.017578125 0.046875
 4 0.525390625 0.4677734375 0.01953125 0.044921875
 4 0.52734375 0.46484375 0.01953125 0.046875
 0 0.8134765625 0.490234375 0.103515625 0.0625