
 0 0.1298828125 0.5400390625 0.080078125 0.056640625
 0 0.1337890625 0.5390625 0.083984375 0.046875
 0 0.337890625 0.5322265625 0.06640625 0.048828125
 4 0.3232421875 0.4521484375 0.013671875 0.037109375
 0 0.4130859375 0.521484375 0.037109375 0.0390625
 0 0.4130859375 0.51953125 0.029296875 0.03515625
 0 0.439453125 0.525390625 0.04296875 0.04296875
 0 0.5380859375 0.5068359375 0.080078125 0.134765625
 3 0.5341796875 0.5068359375 0.064453125 0.126953125
 4 0.5498046875 0.3759765625 0.013671875 0.033203125
 0 0.5751953125 0.513671875 0.037109375 0.05859375
 4 0.61328125 0.373046875 0.015625 0.04296875
 0 0.6435546875 0.5107421875 0.037109375 0.044921875
 0 0.708984375 0.51171875 0.03125 0.04296875
 4 0.7333984375 0.40625 0.025390625 0.0703125
 0 0.7724609375 0.51171875 0.095703125 0.05859375