
 0 0.8388671875 0.48828125 0.126953125 0.078125
 3 0.08203125 0.4150390625 0.1640625 0.111328125
 0 0.130859375 0.556640625 0.25 0.2578125
 0 0.060546875 0.4970703125 0.078125 0.095703125
 4 0.2470703125 0.349609375 0.021484375 0.0625
 4 0.25390625 0.3349609375 0.01953125 0.048828125
 0 0.3251953125 0.4921875 0.076171875 0.08984375
 4 0.306640625 0.3544921875 0.01953125 0.064453125
 0 0.470703125 0.5771484375 0.28125 0.333984375
 4 0.3818359375 0.3564453125 0.017578125 0.056640625
 4 0.3896484375 0.337890625 0.017578125 0.046875
 4 0.4443359375 0.3603515625 0.033203125 0.076171875
 4 0.4462890625 0.341796875 0.017578125 0.05078125
 4 0.5693359375 0.4150390625 0.017578125 0.060546875
 4 0.5712890625 0.4091796875 0.017578125 0.044921875