
 0 0.955078125 0.6318359375 0.08984375 0.251953125
 0 0.4970703125 0.525390625 0.111328125 0.14453125
 0 0.5615234375 0.51953125 0.044921875 0.078125
 4 0.5712890625 0.4228515625 0.017578125 0.037109375
 0 0.5849609375 0.5185546875 0.037109375 0.064453125
 0 0.6806640625 0.5068359375 0.064453125 0.076171875
 1 0.7275390625 0.5078125 0.017578125 0.05859375
 1 0.74609375 0.51953125 0.015625 0.046875
 4 0.7744140625 0.408203125 0.021484375 0.0546875
 0 0.943359375 0.4921875 0.08203125 0.05078125