
 0 0.955078125 0.5224609375 0.08984375 0.091796875
 0 0.4697265625 0.541015625 0.138671875 0.09375
 0 0.12109375 0.5400390625 0.078125 0.068359375
 0 0.330078125 0.65234375 0.32421875 0.41015625
 4 0.28125 0.275390625 0.01953125 0.05859375
 4 0.390625 0.287109375 0.015625 0.0625
 1 0.53515625 0.515625 0.01171875 0.05078125
 1 0.5615234375 0.5263671875 0.021484375 0.095703125
 4 0.5634765625 0.408203125 0.017578125 0.05859375
 1 0.58984375 0.5126953125 0.01953125 0.072265625
 2 0.6611328125 0.5283203125 0.037109375 0.091796875
 2 0.78515625 0.521484375 0.0625 0.1015625