
 0 0.2177734375 0.70703125 0.435546875 0.4921875
 1 0.126953125 0.416015625 0.015625 0.03125
 4 0.150390625 0.3984375 0.015625 0.0546875
 0 0.4453125 0.53125 0.03125 0.046875
 4 0.52734375 0.3720703125 0.01953125 0.068359375
 1 0.6201171875 0.5302734375 0.017578125 0.076171875
 1 0.640625 0.5244140625 0.01953125 0.076171875
 1 0.6708984375 0.5341796875 0.025390625 0.095703125
 0 0.8388671875 0.54296875 0.255859375 0.14453125
 1 0.8388671875 0.5283203125 0.044921875 0.240234375
 1 0.8916015625 0.5263671875 0.048828125 0.240234375
 1 0.9814453125 0.5458984375 0.033203125 0.220703125