
 0 0.2529296875 0.544921875 0.064453125 0.078125
 0 0.0556640625 0.55859375 0.072265625 0.03125
 0 0.064453125 0.5712890625 0.05859375 0.041015625
 0 0.0908203125 0.5556640625 0.044921875 0.037109375
 0 0.091796875 0.5546875 0.04296875 0.03125
 0 0.1220703125 0.5478515625 0.044921875 0.052734375
 3 0.12109375 0.5419921875 0.04296875 0.033203125
 4 0.140625 0.482421875 0.01171875 0.03515625
 4 0.1416015625 0.4853515625 0.013671875 0.041015625
 0 0.185546875 0.548828125 0.05078125 0.04296875
 0 0.189453125 0.5478515625 0.0390625 0.041015625
 4 0.306640625 0.41015625 0.01171875 0.03515625
 4 0.3076171875 0.4111328125 0.013671875 0.037109375
 0 0.3212890625 0.53125 0.017578125 0.01953125
 0 0.345703125 0.52734375 0.015625 0.01953125
 0 0.373046875 0.5283203125 0.04296875 0.052734375
 4 0.3740234375 0.4033203125 0.009765625 0.037109375
 4 0.375 0.40234375 0.01171875 0.03515625
 0 0.396484375 0.5205078125 0.02734375 0.033203125
 0 0.4287109375 0.5439453125 0.052734375 0.068359375
 4 0.486328125 0.4619140625 0.01171875 0.029296875
 4 0.486328125 0.4697265625 0.01171875 0.033203125
 0 0.5849609375 0.5146484375 0.080078125 0.044921875
 0 0.6357421875 0.50390625 0.048828125 0.0390625