
 0 0.060546875 0.591796875 0.12109375 0.16015625
 0 0.140625 0.5732421875 0.08203125 0.115234375
 0 0.13671875 0.578125 0.03515625 0.09765625
 0 0.298828125 0.6240234375 0.34375 0.486328125
 0 0.4443359375 0.5576171875 0.068359375 0.185546875
 0 0.52734375 0.5693359375 0.0390625 0.115234375
 4 0.5185546875 0.451171875 0.017578125 0.04296875
 0 0.56640625 0.5693359375 0.0625 0.173828125
 0 0.669921875 0.5927734375 0.21875 0.259765625
 1 0.751953125 0.48828125 0.046875 0.140625
 1 0.744140625 0.482421875 0.02734375 0.109375