
 4 0.08203125 0.078125 0.1640625 0.15625
 4 0.0654296875 0.068359375 0.076171875 0.125
 0 0.0888671875 0.5341796875 0.037109375 0.052734375
 0 0.09375 0.4990234375 0.04296875 0.033203125
 0 0.1708984375 0.5029296875 0.103515625 0.064453125
 0 0.21484375 0.513671875 0.0625 0.078125
 0 0.2646484375 0.525390625 0.103515625 0.078125
 0 0.333984375 0.51171875 0.078125 0.08203125
 0 0.4189453125 0.4931640625 0.033203125 0.048828125
 0 0.419921875 0.5 0.03125 0.02734375
 0 0.474609375 0.4951171875 0.02734375 0.037109375
 4 0.568359375 0.361328125 0.0234375 0.0625
 4 0.5732421875 0.0302734375 0.029296875 0.056640625
 4 0.5654296875 0.3642578125 0.013671875 0.041015625
 4 0.650390625 0.3583984375 0.0234375 0.048828125
 4 0.6533203125 0.357421875 0.009765625 0.0390625
 4 0.7314453125 0.41015625 0.021484375 0.046875
 4 0.80078125 0.076171875 0.05078125 0.1171875
 4 0.8017578125 0.076171875 0.029296875 0.08984375
 0 0.8173828125 0.49609375 0.029296875 0.04296875
 0 0.861328125 0.490234375 0.0859375 0.0546875
 1 0.9609375 0.4931640625 0.0234375 0.099609375