
 1 0.9169921875 0.5302734375 0.107421875 0.181640625
 0 0.107421875 0.498046875 0.07421875 0.07421875
 0 0.1962890625 0.4931640625 0.080078125 0.083984375
 0 0.1982421875 0.4912109375 0.076171875 0.060546875
 0 0.25 0.482421875 0.05859375 0.0703125
 0 0.2568359375 0.482421875 0.052734375 0.0703125
 4 0.2685546875 0.265625 0.017578125 0.0546875
 4 0.2685546875 0.2685546875 0.013671875 0.064453125
 4 0.37109375 0.2734375 0.0234375 0.05859375
 4 0.3701171875 0.271484375 0.017578125 0.05859375
 0 0.3984375 0.4912109375 0.03515625 0.041015625
 0 0.43359375 0.486328125 0.03515625 0.05078125
 0 0.5048828125 0.490234375 0.029296875 0.046875
 4 0.6494140625 0.384765625 0.017578125 0.05859375
 4 0.650390625 0.384765625 0.01171875 0.0546875
 0 0.8330078125 0.4658203125 0.068359375 0.044921875
 0 0.9013671875 0.4814453125 0.056640625 0.033203125