
 1 0.052734375 0.5439453125 0.01953125 0.072265625
 1 0.029296875 0.5537109375 0.01953125 0.083984375
 0 0.0986328125 0.56640625 0.181640625 0.12109375
 4 0.1435546875 0.396484375 0.021484375 0.0546875
 4 0.142578125 0.4033203125 0.015625 0.052734375
 0 0.265625 0.5595703125 0.05859375 0.072265625
 0 0.3359375 0.560546875 0.05078125 0.078125
 0 0.3984375 0.591796875 0.15234375 0.171875
 4 0.5390625 0.3740234375 0.02734375 0.076171875
 2 0.66796875 0.6640625 0.12109375 0.5078125
 1 0.78515625 0.5419921875 0.05078125 0.236328125
 1 0.85546875 0.5400390625 0.046875 0.201171875
 1 0.876953125 0.5361328125 0.03125 0.169921875
 1 0.955078125 0.533203125 0.0546875 0.18359375
 1 0.955078125 0.5380859375 0.04296875 0.185546875