
 0 0.1826171875 0.4951171875 0.056640625 0.037109375
 0 0.18359375 0.5087890625 0.05078125 0.029296875
 0 0.3486328125 0.4970703125 0.080078125 0.080078125
 4 0.4482421875 0.4033203125 0.013671875 0.037109375
 4 0.44921875 0.40625 0.015625 0.03125
 4 0.4794921875 0.4052734375 0.017578125 0.025390625
 4 0.48046875 0.408203125 0.015625 0.03125
 0 0.5224609375 0.4833984375 0.041015625 0.041015625
 4 0.5615234375 0.4482421875 0.017578125 0.037109375
 2 0.611328125 0.5 0.02734375 0.08203125
 2 0.61328125 0.498046875 0.0234375 0.08203125