
 2 0.4892578125 0.5263671875 0.048828125 0.087890625
 1 0.5458984375 0.52734375 0.013671875 0.0703125
 0 0.12109375 0.5400390625 0.078125 0.068359375
 0 0.3310546875 0.6533203125 0.326171875 0.408203125
 4 0.28125 0.2763671875 0.01953125 0.060546875
 4 0.390625 0.2880859375 0.015625 0.068359375
 1 0.51171875 0.53125 0.02734375 0.09375
 4 0.5625 0.408203125 0.01953125 0.0625
 1 0.5634765625 0.5234375 0.021484375 0.08203125
 1 0.56640625 0.5224609375 0.015625 0.080078125
 2 0.6611328125 0.5283203125 0.037109375 0.091796875
 1 0.9306640625 0.5703125 0.083984375 0.265625