
 0 0.0263671875 0.4912109375 0.052734375 0.060546875
 0 0.033203125 0.4921875 0.06640625 0.0625
 0 0.1123046875 0.48046875 0.072265625 0.0703125
 0 0.193359375 0.474609375 0.0546875 0.05859375
 4 0.39453125 0.287109375 0.0234375 0.08203125
 4 0.39453125 0.2841796875 0.01953125 0.052734375
 0 0.5048828125 0.5458984375 0.185546875 0.212890625
 4 0.5068359375 0.2783203125 0.017578125 0.048828125
 4 0.6298828125 0.310546875 0.017578125 0.0625
 0 0.8427734375 0.5205078125 0.310546875 0.291015625
 4 0.734375 0.3828125 0.0234375 0.0703125
 4 0.732421875 0.3798828125 0.015625 0.048828125