
 3 0.1083984375 0.53515625 0.080078125 0.078125
 3 0.107421875 0.5380859375 0.07421875 0.060546875
 4 0.275390625 0.44140625 0.015625 0.04296875
 4 0.3193359375 0.4443359375 0.013671875 0.037109375
 0 0.3486328125 0.537109375 0.041015625 0.046875
 4 0.359375 0.4462890625 0.01953125 0.041015625
 0 0.39453125 0.525390625 0.03515625 0.04296875
 4 0.4375 0.4921875 0.015625 0.03515625
 0 0.447265625 0.533203125 0.03515625 0.0390625
 0 0.478515625 0.5263671875 0.03515625 0.076171875
 0 0.5322265625 0.5556640625 0.099609375 0.123046875
 4 0.5029296875 0.4638671875 0.017578125 0.037109375
 0 0.59375 0.537109375 0.05078125 0.078125
 0 0.7568359375 0.556640625 0.150390625 0.12109375
 0 0.9033203125 0.5185546875 0.189453125 0.197265625