
 1 0.18359375 0.650390625 0.140625 0.5703125
 0 0.2333984375 0.4951171875 0.037109375 0.064453125
 0 0.3232421875 0.4921875 0.080078125 0.1015625
 0 0.4130859375 0.5087890625 0.076171875 0.068359375
 0 0.4853515625 0.4921875 0.056640625 0.05078125
 0 0.4873046875 0.4921875 0.056640625 0.0546875
 4 0.5595703125 0.2470703125 0.021484375 0.072265625
 4 0.6787109375 0.25 0.025390625 0.078125
 0 0.712890625 0.494140625 0.06640625 0.09765625
 0 0.7158203125 0.498046875 0.048828125 0.0703125
 0 0.85546875 0.4951171875 0.03125 0.044921875
 4 0.9794921875 0.3828125 0.029296875 0.06640625