
 0 0.14453125 0.5791015625 0.28515625 0.447265625
 0 0.05859375 0.4990234375 0.0703125 0.099609375
 4 0.21875 0.3486328125 0.0234375 0.064453125
 4 0.2216796875 0.353515625 0.017578125 0.05078125
 4 0.279296875 0.3466796875 0.01953125 0.068359375
 0 0.3115234375 0.5341796875 0.080078125 0.123046875
 0 0.3779296875 0.5244140625 0.044921875 0.072265625
 4 0.3701171875 0.3408203125 0.017578125 0.056640625
 4 0.3720703125 0.341796875 0.017578125 0.046875
 0 0.455078125 0.5439453125 0.1484375 0.181640625
 4 0.4365234375 0.3564453125 0.033203125 0.076171875
 4 0.4365234375 0.3466796875 0.017578125 0.048828125
 4 0.5673828125 0.4189453125 0.017578125 0.052734375
 4 0.5703125 0.43359375 0.01953125 0.0625
 0 0.7998046875 0.498046875 0.080078125 0.078125
 0 0.794921875 0.5087890625 0.0546875 0.080078125
 0 0.84375 0.4931640625 0.0859375 0.095703125