
 0 0.2177734375 0.7041015625 0.431640625 0.486328125
 1 0.126953125 0.416015625 0.015625 0.03125
 4 0.150390625 0.3984375 0.015625 0.0546875
 0 0.3828125 0.5322265625 0.02734375 0.033203125
 0 0.384765625 0.5283203125 0.0234375 0.044921875
 0 0.447265625 0.53125 0.03125 0.046875
 4 0.52734375 0.3701171875 0.01953125 0.068359375
 1 0.62890625 0.52734375 0.015625 0.07421875
 1 0.6474609375 0.525390625 0.021484375 0.07421875
 1 0.6728515625 0.5361328125 0.025390625 0.095703125
 1 0.83984375 0.5283203125 0.04296875 0.240234375
 1 0.8935546875 0.5244140625 0.048828125 0.240234375
 1 0.98046875 0.5498046875 0.03515625 0.224609375