
 0 0.046875 0.5439453125 0.09375 0.169921875
 0 0.193359375 0.537109375 0.203125 0.234375
 4 0.25 0.337890625 0.015625 0.046875
 4 0.25390625 0.33203125 0.01953125 0.03125
 0 0.4853515625 0.650390625 0.400390625 0.47265625
 4 0.30859375 0.33203125 0.01953125 0.05078125
 0 0.3193359375 0.494140625 0.041015625 0.04296875
 4 0.310546875 0.3251953125 0.01953125 0.029296875
 4 0.390625 0.3369140625 0.015625 0.044921875
 4 0.44921875 0.3359375 0.01953125 0.046875
 4 0.5693359375 0.392578125 0.017578125 0.03515625
 0 0.787109375 0.4912109375 0.05078125 0.080078125
 0 0.85546875 0.51171875 0.109375 0.140625