
 3 0.0673828125 0.5009765625 0.134765625 0.123046875
 3 0.060546875 0.5078125 0.12109375 0.11328125
 0 0.099609375 0.578125 0.12890625 0.171875
 0 0.2861328125 0.587890625 0.318359375 0.40625
 4 0.31640625 0.328125 0.01953125 0.0625
 4 0.4140625 0.3271484375 0.0234375 0.052734375
 4 0.416015625 0.3359375 0.015625 0.0546875
 0 0.5166015625 0.5263671875 0.138671875 0.134765625
 4 0.4921875 0.328125 0.0234375 0.0625
 4 0.4931640625 0.328125 0.017578125 0.046875
 0 0.5234375 0.505859375 0.05859375 0.08203125
 0 0.798828125 0.634765625 0.375 0.3671875
 0 0.6337890625 0.54296875 0.044921875 0.1171875
 4 0.6796875 0.419921875 0.01953125 0.0546875
 4 0.9306640625 0.2568359375 0.060546875 0.166015625
 0 0.9423828125 0.5205078125 0.080078125 0.060546875
 1 0.9619140625 0.5234375 0.025390625 0.06640625