
 0 0.0693359375 0.55078125 0.138671875 0.0703125
 0 0.1640625 0.5390625 0.046875 0.04296875
 0 0.1689453125 0.544921875 0.056640625 0.0546875
 0 0.21484375 0.5380859375 0.03125 0.041015625
 4 0.2451171875 0.3349609375 0.017578125 0.068359375
 0 0.3720703125 0.609375 0.189453125 0.234375
 4 0.32421875 0.271484375 0.0234375 0.05859375
 4 0.3984375 0.4169921875 0.01953125 0.033203125
 4 0.3994140625 0.4130859375 0.013671875 0.037109375
 4 0.4375 0.447265625 0.015625 0.03125
 4 0.4365234375 0.4453125 0.013671875 0.0390625
 0 0.5048828125 0.5380859375 0.037109375 0.072265625
 4 0.5322265625 0.4013671875 0.017578125 0.044921875
 4 0.53125 0.3974609375 0.01171875 0.033203125
 0 0.5615234375 0.5439453125 0.072265625 0.095703125
 0 0.5478515625 0.525390625 0.037109375 0.046875
 0 0.6015625 0.5283203125 0.03515625 0.064453125
 0 0.71875 0.6064453125 0.26171875 0.275390625
 0 0.623046875 0.5498046875 0.04296875 0.111328125
 4 0.6591796875 0.474609375 0.013671875 0.03125
 0 0.9013671875 0.5703125 0.185546875 0.24609375
 4 0.908203125 0.3447265625 0.01953125 0.041015625
 4 0.908203125 0.3935546875 0.01953125 0.064453125
 4 0.966796875 0.3193359375 0.01953125 0.060546875
 0 0.978515625 0.81640625 0.03515625 0.3515625