
 0 0.87890625 0.5927734375 0.2421875 0.251953125
 0 0.134765625 0.5615234375 0.1015625 0.123046875
 0 0.138671875 0.5498046875 0.10546875 0.119140625
 0 0.205078125 0.55859375 0.046875 0.078125
 0 0.208984375 0.560546875 0.046875 0.0859375
 0 0.2392578125 0.541015625 0.056640625 0.0703125
 0 0.244140625 0.548828125 0.0546875 0.0703125
 0 0.2744140625 0.5341796875 0.033203125 0.072265625
 0 0.2998046875 0.537109375 0.033203125 0.05859375
 0 0.3349609375 0.525390625 0.041015625 0.05078125
 0 0.5126953125 0.52734375 0.033203125 0.04296875
 0 0.5595703125 0.5361328125 0.029296875 0.076171875
 0 0.5927734375 0.55078125 0.044921875 0.08984375
 0 0.630859375 0.5478515625 0.06640625 0.095703125
 0 0.6357421875 0.552734375 0.068359375 0.09765625
 0 0.7060546875 0.55859375 0.134765625 0.1484375
 0 0.705078125 0.5615234375 0.1328125 0.134765625