
 0 0.0634765625 0.5068359375 0.037109375 0.052734375
 0 0.1494140625 0.5029296875 0.029296875 0.056640625
 0 0.1728515625 0.4990234375 0.025390625 0.060546875
 0 0.2041015625 0.4970703125 0.044921875 0.052734375
 0 0.2041015625 0.4931640625 0.037109375 0.060546875
 0 0.2451171875 0.4912109375 0.033203125 0.048828125
 0 0.2919921875 0.5029296875 0.091796875 0.126953125
 0 0.3583984375 0.484375 0.033203125 0.0546875
 0 0.3955078125 0.4921875 0.021484375 0.0390625
 0 0.4609375 0.498046875 0.03515625 0.046875
 0 0.482421875 0.5029296875 0.01953125 0.056640625
 0 0.5 0.505859375 0.02734375 0.06640625
 0 0.544921875 0.51171875 0.06640625 0.078125