
 0 0.12890625 0.5458984375 0.234375 0.185546875
 0 0.2783203125 0.5595703125 0.107421875 0.111328125
 3 0.298828125 0.486328125 0.10546875 0.09765625
 0 0.3583984375 0.54296875 0.072265625 0.09375
 0 0.404296875 0.5390625 0.046875 0.0703125
 0 0.4130859375 0.546875 0.056640625 0.06640625
 0 0.5380859375 0.5205078125 0.083984375 0.119140625
 0 0.6298828125 0.5302734375 0.048828125 0.060546875
 0 0.68359375 0.5302734375 0.02734375 0.064453125
 0 0.7021484375 0.537109375 0.025390625 0.078125
 0 0.7236328125 0.5390625 0.025390625 0.10546875
 0 0.73828125 0.544921875 0.02734375 0.109375
 0 0.7958984375 0.5576171875 0.111328125 0.115234375