
 0 0.0576171875 0.5048828125 0.064453125 0.107421875
 0 0.1435546875 0.5048828125 0.208984375 0.291015625
 3 0.1416015625 0.501953125 0.193359375 0.24609375
 4 0.076171875 0.2607421875 0.03125 0.091796875
 4 0.076171875 0.2568359375 0.0234375 0.064453125
 4 0.1806640625 0.251953125 0.025390625 0.08203125
 4 0.1796875 0.244140625 0.01953125 0.06640625
 0 0.3623046875 0.5341796875 0.103515625 0.146484375
 4 0.3330078125 0.2568359375 0.033203125 0.083984375
 4 0.330078125 0.2587890625 0.01953125 0.056640625
 4 0.4326171875 0.2802734375 0.033203125 0.076171875
 4 0.4404296875 0.2685546875 0.025390625 0.076171875
 0 0.5107421875 0.5439453125 0.068359375 0.095703125
 4 0.6708984375 0.396484375 0.029296875 0.078125
 4 0.6669921875 0.4013671875 0.017578125 0.064453125