
 1 0.5185546875 0.515625 0.009765625 0.046875
 1 0.5126953125 0.5166015625 0.009765625 0.048828125
 0 0.8974609375 0.484375 0.134765625 0.07421875
 0 0.046875 0.5869140625 0.09375 0.142578125
 0 0.17578125 0.548828125 0.04296875 0.05078125
 4 0.2783203125 0.3388671875 0.017578125 0.048828125
 4 0.279296875 0.3447265625 0.01953125 0.048828125
 0 0.3427734375 0.529296875 0.056640625 0.06640625
 None 0.3603515625 0.33984375 0.017578125 0.04296875
 None 0.3662109375 0.337890625 0.021484375 0.05078125
 0 0.4169921875 0.53125 0.029296875 0.0390625
 None 0.498046875 0.431640625 0.0234375 0.03515625
 None 0.4990234375 0.435546875 0.013671875 0.04296875
 0 0.7734375 0.494140625 0.08984375 0.0703125