
 0 0.0576171875 0.609375 0.115234375 0.15625
 1 0.9619140625 0.572265625 0.056640625 0.23828125
 1 0.900390625 0.5908203125 0.046875 0.212890625
 2 0.1884765625 0.5888671875 0.044921875 0.138671875
 0 0.2705078125 0.5830078125 0.119140625 0.134765625
 0 0.3720703125 0.544921875 0.033203125 0.0390625
 0 0.431640625 0.5751953125 0.078125 0.099609375
 2 0.5751953125 0.5869140625 0.056640625 0.251953125
 4 0.587890625 0.2734375 0.03125 0.10546875
 1 0.6298828125 0.5380859375 0.025390625 0.076171875
 1 0.67578125 0.5341796875 0.01953125 0.072265625
 1 0.708984375 0.5380859375 0.01953125 0.107421875
 1 0.7373046875 0.5390625 0.017578125 0.10546875