
 1 0.6669921875 0.48046875 0.025390625 0.05859375
 4 0.048828125 0.44921875 0.01953125 0.04296875
 0 0.0966796875 0.51953125 0.072265625 0.0625
 0 0.1435546875 0.5048828125 0.033203125 0.048828125
 4 0.1826171875 0.3662109375 0.017578125 0.037109375
 4 0.185546875 0.3671875 0.01953125 0.04296875
 0 0.22265625 0.4970703125 0.0390625 0.052734375
 4 0.244140625 0.37109375 0.01953125 0.0390625
 4 0.24609375 0.3681640625 0.01953125 0.033203125
 0 0.2724609375 0.5029296875 0.060546875 0.076171875
 0 0.27734375 0.5 0.0625 0.0625
 4 0.3251953125 0.4384765625 0.013671875 0.048828125
 4 0.328125 0.4287109375 0.015625 0.029296875
 0 0.3564453125 0.4931640625 0.041015625 0.095703125
 0 0.4248046875 0.505859375 0.158203125 0.23046875
 4 0.5107421875 0.38671875 0.033203125 0.05859375
 0 0.54296875 0.5146484375 0.09765625 0.115234375
 0 0.65625 0.5517578125 0.109375 0.158203125
 0 0.8525390625 0.5390625 0.291015625 0.2890625
 0 0.8388671875 0.5517578125 0.263671875 0.349609375