
 0 0.0234375 0.6083984375 0.046875 0.435546875
 0 0.0185546875 0.609375 0.037109375 0.31640625
 4 0.095703125 0.275390625 0.0234375 0.0625
 4 0.095703125 0.2685546875 0.01953125 0.048828125
 0 0.14453125 0.533203125 0.0546875 0.07421875
 0 0.21875 0.529296875 0.05078125 0.0546875
 0 0.21875 0.53125 0.0390625 0.0546875
 4 0.224609375 0.2861328125 0.0234375 0.056640625
 4 0.228515625 0.2978515625 0.01953125 0.044921875
 0 0.2548828125 0.5341796875 0.025390625 0.072265625
 0 0.2861328125 0.5302734375 0.033203125 0.076171875
 0 0.287109375 0.525390625 0.03125 0.0625
 0 0.3271484375 0.53125 0.068359375 0.07421875
 4 0.4140625 0.4189453125 0.01953125 0.041015625
 4 0.4140625 0.427734375 0.01953125 0.0390625