
 3 0.072265625 0.5126953125 0.0703125 0.072265625
 0 0.171875 0.53515625 0.22265625 0.1953125
 4 0.2353515625 0.146484375 0.037109375 0.140625
 4 0.2373046875 0.138671875 0.029296875 0.09765625
 0 0.3125 0.5068359375 0.0703125 0.087890625
 0 0.3154296875 0.5107421875 0.056640625 0.076171875
 0 0.462890625 0.5400390625 0.11328125 0.181640625
 4 0.427734375 0.1591796875 0.03125 0.103515625
 0 0.533203125 0.5048828125 0.04296875 0.068359375
 4 0.732421875 0.3447265625 0.04296875 0.095703125
 4 0.728515625 0.3291015625 0.0234375 0.083984375