
 3 0.0634765625 0.5087890625 0.123046875 0.080078125
 1 0.1083984375 0.5283203125 0.021484375 0.083984375
 1 0.111328125 0.525390625 0.02734375 0.078125
 1 0.1845703125 0.5205078125 0.021484375 0.080078125
 4 0.3583984375 0.1787109375 0.025390625 0.083984375
 4 0.6005859375 0.3388671875 0.029296875 0.087890625
 4 0.603515625 0.3369140625 0.015625 0.064453125
 0 0.6435546875 0.5068359375 0.087890625 0.060546875
 1 0.6396484375 0.5087890625 0.025390625 0.111328125
 1 0.6806640625 0.4970703125 0.017578125 0.083984375
 1 0.7138671875 0.5126953125 0.029296875 0.103515625
 1 0.8076171875 0.51953125 0.048828125 0.17578125
 1 0.8076171875 0.525390625 0.033203125 0.17578125
 1 0.923828125 0.515625 0.04296875 0.1953125