
 0 0.16796875 0.552734375 0.20703125 0.2109375
 0 0.2998046875 0.5341796875 0.021484375 0.029296875
 0 0.3212890625 0.5361328125 0.025390625 0.029296875
 0 0.3740234375 0.52734375 0.041015625 0.06640625
 0 0.3974609375 0.5244140625 0.021484375 0.029296875
 0 0.4326171875 0.52734375 0.056640625 0.0859375
 0 0.4775390625 0.513671875 0.041015625 0.07421875
 0 0.4755859375 0.513671875 0.029296875 0.046875
 0 0.6572265625 0.5869140625 0.248046875 0.251953125
 0 0.771484375 0.5537109375 0.1171875 0.177734375