
 1 0.0537109375 0.5 0.021484375 0.078125
 4 0.0888671875 0.3154296875 0.021484375 0.083984375
 0 0.48046875 0.4921875 0.0234375 0.03515625
 0 0.5439453125 0.4970703125 0.041015625 0.080078125
 0 0.5380859375 0.4951171875 0.017578125 0.056640625
 0 0.5751953125 0.5234375 0.044921875 0.078125
 0 0.5712890625 0.501953125 0.037109375 0.046875
 0 0.6123046875 0.5107421875 0.064453125 0.076171875
 4 0.6162109375 0.2802734375 0.025390625 0.087890625
 1 0.623046875 0.529296875 0.02734375 0.1015625
 1 0.921875 0.4892578125 0.03515625 0.154296875
 1 0.93359375 0.5029296875 0.0390625 0.154296875