
 4 0.0830078125 0.0791015625 0.166015625 0.158203125
 0 0.0888671875 0.5234375 0.037109375 0.0546875
 0 0.09375 0.5 0.04296875 0.03125
 0 0.1708984375 0.5029296875 0.103515625 0.064453125
 0 0.2216796875 0.513671875 0.056640625 0.07421875
 0 0.271484375 0.5205078125 0.1015625 0.083984375
 0 0.3427734375 0.51953125 0.072265625 0.07421875
 0 0.404296875 0.494140625 0.02734375 0.03515625
 0 0.4326171875 0.5009765625 0.025390625 0.048828125
 0 0.47265625 0.49609375 0.03125 0.04296875
 0 0.529296875 0.4931640625 0.015625 0.041015625
 0 0.546875 0.484375 0.02734375 0.046875
 4 0.568359375 0.3603515625 0.0234375 0.060546875
 4 0.80078125 0.0771484375 0.05078125 0.115234375
 0 0.8291015625 0.48828125 0.060546875 0.05859375
 0 0.8759765625 0.4921875 0.083984375 0.0546875
 1 0.958984375 0.4970703125 0.0234375 0.099609375