
 3 0.0556640625 0.5185546875 0.107421875 0.111328125
 0 0.0888671875 0.5849609375 0.126953125 0.181640625
 0 0.29296875 0.59765625 0.3125 0.42578125
 4 0.31640625 0.3349609375 0.01953125 0.056640625
 4 0.4130859375 0.3271484375 0.025390625 0.056640625
 4 0.416015625 0.337890625 0.015625 0.0546875
 0 0.4853515625 0.529296875 0.107421875 0.1171875
 0 0.486328125 0.54296875 0.10546875 0.08984375
 0 0.4921875 0.51171875 0.03125 0.03125
 4 0.4912109375 0.330078125 0.025390625 0.0703125
 4 0.4931640625 0.330078125 0.017578125 0.046875
 3 0.5224609375 0.50390625 0.029296875 0.04296875
 0 0.62890625 0.54296875 0.046875 0.1171875
 0 0.7978515625 0.625 0.373046875 0.35546875
 4 0.6796875 0.427734375 0.01953125 0.0546875
 0 0.9423828125 0.5205078125 0.080078125 0.060546875
 4 0.9345703125 0.2587890625 0.052734375 0.154296875
 1 0.955078125 0.5205078125 0.0390625 0.076171875
 1 0.9541015625 0.521484375 0.025390625 0.06640625