
 0 0.0458984375 0.544921875 0.091796875 0.16796875
 0 0.1923828125 0.5341796875 0.201171875 0.232421875
 4 0.25 0.337890625 0.015625 0.046875
 4 0.25390625 0.3310546875 0.01953125 0.029296875
 0 0.484375 0.650390625 0.3984375 0.47265625
 4 0.30859375 0.33203125 0.01953125 0.05078125
 0 0.318359375 0.494140625 0.0390625 0.04296875
 4 0.310546875 0.3251953125 0.01953125 0.029296875
 4 0.3896484375 0.3349609375 0.013671875 0.044921875
 4 0.44921875 0.3359375 0.01953125 0.046875
 4 0.5703125 0.392578125 0.01953125 0.03515625
 0 0.8388671875 0.484375 0.138671875 0.07421875
 0 0.841796875 0.482421875 0.13671875 0.0625