
 3 0.5166015625 0.5048828125 0.017578125 0.033203125
 0 0.015625 0.583984375 0.03125 0.140625
 3 0.076171875 0.501953125 0.109375 0.0859375
 0 0.09375 0.576171875 0.140625 0.1796875
 0 0.28515625 0.5927734375 0.32421875 0.423828125
 4 0.3193359375 0.33203125 0.017578125 0.05078125
 4 0.4150390625 0.3251953125 0.013671875 0.041015625
 4 0.4931640625 0.328125 0.013671875 0.046875
 1 0.5419921875 0.53125 0.013671875 0.0703125
 0 0.6591796875 0.5419921875 0.056640625 0.064453125
 0 0.7470703125 0.578125 0.212890625 0.2109375
 4 0.681640625 0.41796875 0.0234375 0.0625
 4 0.6806640625 0.416015625 0.013671875 0.04296875
 0 0.8857421875 0.5185546875 0.126953125 0.091796875
 4 0.931640625 0.2470703125 0.0390625 0.123046875
 1 0.96484375 0.5400390625 0.03515625 0.115234375