
 0 0.0517578125 0.5517578125 0.087890625 0.076171875
 0 0.0927734375 0.5478515625 0.025390625 0.072265625
 0 0.1787109375 0.5390625 0.162109375 0.1328125
 4 0.423828125 0.3193359375 0.01953125 0.060546875
 4 0.498046875 0.318359375 0.0234375 0.06640625
 0 0.5361328125 0.51953125 0.037109375 0.0390625
 0 0.7021484375 0.5556640625 0.369140625 0.166015625
 3 0.54296875 0.4833984375 0.04296875 0.068359375
 3 0.5419921875 0.478515625 0.033203125 0.04296875
 4 0.64453125 0.4130859375 0.0234375 0.068359375
 0 0.9423828125 0.7080078125 0.107421875 0.494140625
 0 0.94140625 0.4970703125 0.08984375 0.044921875