
 0 0.10546875 0.55859375 0.125 0.17578125
 0 0.15234375 0.5283203125 0.10546875 0.146484375
 0 0.2138671875 0.5390625 0.048828125 0.08984375
 0 0.2451171875 0.5341796875 0.033203125 0.056640625
 0 0.2705078125 0.52734375 0.056640625 0.078125
 0 0.2724609375 0.53125 0.041015625 0.0625
 0 0.3076171875 0.521484375 0.044921875 0.0703125
 0 0.306640625 0.5224609375 0.0390625 0.056640625
 0 0.3681640625 0.525390625 0.037109375 0.05859375
 0 0.3701171875 0.5263671875 0.033203125 0.041015625
 4 0.3828125 0.4140625 0.0078125 0.0234375
 0 0.4228515625 0.51953125 0.048828125 0.0625
 0 0.515625 0.5244140625 0.05078125 0.064453125
 0 0.5625 0.5087890625 0.0546875 0.087890625
 0 0.5634765625 0.517578125 0.037109375 0.0703125
 0 0.5810546875 0.5263671875 0.021484375 0.064453125
 4 0.58203125 0.43359375 0.015625 0.0390625
 0 0.6083984375 0.5224609375 0.044921875 0.072265625
 0 0.6396484375 0.5341796875 0.087890625 0.091796875
 0 0.638671875 0.53125 0.078125 0.078125
 0 0.857421875 0.568359375 0.2421875 0.2109375