
 4 0.3671875 0.5029296875 0.01171875 0.037109375
 0 0.4091796875 0.537109375 0.083984375 0.1171875
 0 0.4541015625 0.525390625 0.021484375 0.0703125
 0 0.4599609375 0.51953125 0.021484375 0.0390625
 0 0.4765625 0.525390625 0.04296875 0.05078125
 0 0.51171875 0.521484375 0.03515625 0.0390625
 0 0.5126953125 0.525390625 0.025390625 0.03515625
 4 0.5244140625 0.41796875 0.013671875 0.03125
 4 0.525390625 0.423828125 0.01171875 0.03515625
 0 0.5732421875 0.521484375 0.052734375 0.07421875
 4 0.677734375 0.4580078125 0.01171875 0.033203125
 4 0.677734375 0.451171875 0.01171875 0.02734375
 0 0.7685546875 0.4990234375 0.072265625 0.064453125
 0 0.7666015625 0.5 0.064453125 0.04296875