
 0 0.12109375 0.5400390625 0.078125 0.068359375
 0 0.330078125 0.65234375 0.32421875 0.41015625
 4 0.28125 0.275390625 0.01953125 0.05859375
 4 0.390625 0.287109375 0.015625 0.06640625
 2 0.5498046875 0.533203125 0.064453125 0.1015625
 1 0.544921875 0.529296875 0.0234375 0.09375
 4 0.5625 0.4072265625 0.01953125 0.060546875
 1 0.5673828125 0.5224609375 0.021484375 0.080078125
 2 0.6611328125 0.5283203125 0.037109375 0.091796875
 0 0.93359375 0.5146484375 0.12890625 0.083984375
 1 0.96875 0.5654296875 0.0546875 0.267578125