
 0 0.310546875 0.5048828125 0.06640625 0.068359375
 0 0.3134765625 0.5009765625 0.072265625 0.068359375
 0 0.36328125 0.4892578125 0.046875 0.060546875
 0 0.365234375 0.4912109375 0.0390625 0.048828125
 0 0.4990234375 0.5107421875 0.103515625 0.119140625
 4 0.521484375 0.408203125 0.0234375 0.046875
 4 0.5673828125 0.4462890625 0.009765625 0.029296875
 4 0.5771484375 0.447265625 0.009765625 0.02734375
 0 0.640625 0.5126953125 0.0859375 0.115234375
 0 0.8935546875 0.681640625 0.208984375 0.484375
 0 0.84765625 0.5166015625 0.09375 0.091796875