
 0 0.1201171875 0.55859375 0.056640625 0.046875
 0 0.119140625 0.5576171875 0.05078125 0.044921875
 0 0.3232421875 0.53515625 0.056640625 0.06640625
 0 0.400390625 0.5244140625 0.03125 0.041015625
 1 0.5322265625 0.52734375 0.033203125 0.05859375
 1 0.5283203125 0.4892578125 0.021484375 0.041015625
 1 0.5732421875 0.51953125 0.025390625 0.09765625
 1 0.58984375 0.5146484375 0.02734375 0.072265625
 0 0.6513671875 0.5009765625 0.068359375 0.099609375
 0 0.6591796875 0.50390625 0.064453125 0.09375