
 4 0.0673828125 0.4404296875 0.013671875 0.037109375
 0 0.1728515625 0.4990234375 0.056640625 0.056640625
 0 0.23828125 0.498046875 0.046875 0.0546875
 0 0.2880859375 0.498046875 0.052734375 0.05859375
 0 0.2958984375 0.4990234375 0.048828125 0.056640625
 0 0.3203125 0.4873046875 0.03125 0.044921875
 4 0.3369140625 0.3466796875 0.017578125 0.044921875
 4 0.33984375 0.3388671875 0.015625 0.048828125
 0 0.384765625 0.5 0.04296875 0.0546875
 4 0.4091796875 0.3505859375 0.017578125 0.041015625
 4 0.4091796875 0.345703125 0.013671875 0.04296875
 0 0.431640625 0.4970703125 0.0390625 0.052734375
 0 0.4462890625 0.4921875 0.029296875 0.04296875
 0 0.49609375 0.49609375 0.03125 0.046875
 4 0.595703125 0.4287109375 0.015625 0.033203125
 4 0.6005859375 0.4287109375 0.013671875 0.041015625
 1 0.677734375 0.5078125 0.02734375 0.0703125
 4 0.7158203125 0.359375 0.021484375 0.08203125
 4 0.720703125 0.3583984375 0.02734375 0.072265625