
 4 0.0830078125 0.0791015625 0.166015625 0.158203125
 0 0.2021484375 0.5263671875 0.158203125 0.134765625
 0 0.2080078125 0.5263671875 0.150390625 0.123046875
 0 0.1845703125 0.4970703125 0.083984375 0.068359375
 0 0.4306640625 0.501953125 0.056640625 0.0625
 0 0.47265625 0.4931640625 0.015625 0.037109375
 0 0.494140625 0.49609375 0.03125 0.04296875
 4 0.5654296875 0.365234375 0.017578125 0.05859375
 0 0.6298828125 0.486328125 0.052734375 0.06640625
 0 0.6376953125 0.4814453125 0.052734375 0.056640625
 0 0.6796875 0.5205078125 0.07421875 0.083984375
 4 0.65234375 0.35546875 0.015625 0.04296875
 0 0.6806640625 0.5029296875 0.060546875 0.064453125
 0 0.6884765625 0.4697265625 0.044921875 0.037109375
 0 0.6884765625 0.46875 0.044921875 0.02734375
 4 0.7255859375 0.4140625 0.017578125 0.046875
 0 0.7861328125 0.5205078125 0.123046875 0.146484375
 0 0.78515625 0.5078125 0.109375 0.109375
 None 0.80078125 0.0771484375 0.05078125 0.115234375
 4 0.80078125 0.0751953125 0.02734375 0.091796875
 0 0.92578125 0.53515625 0.14453125 0.21875