
 0 0.0341796875 0.5302734375 0.064453125 0.076171875
 0 0.1015625 0.51953125 0.0625 0.04296875
 0 0.1103515625 0.51953125 0.068359375 0.0703125
 4 0.16015625 0.3828125 0.0234375 0.0625
 4 0.1591796875 0.3818359375 0.013671875 0.044921875
 4 0.1826171875 0.376953125 0.017578125 0.0546875
 0 0.259765625 0.51953125 0.05078125 0.0859375
 0 0.2509765625 0.51953125 0.033203125 0.07421875
 0 0.2744140625 0.521484375 0.060546875 0.07421875
 0 0.2841796875 0.521484375 0.064453125 0.08984375
 0 0.3828125 0.5419921875 0.18359375 0.251953125
 4 0.3837890625 0.2978515625 0.025390625 0.072265625
 4 0.380859375 0.2958984375 0.015625 0.048828125
 3 0.6005859375 0.453125 0.197265625 0.3203125