
 0 0.0869140625 0.525390625 0.123046875 0.109375
 3 0.10546875 0.4765625 0.13671875 0.078125
 3 0.115234375 0.458984375 0.109375 0.05859375
 0 0.171875 0.50390625 0.0546875 0.05859375
 0 0.2177734375 0.501953125 0.044921875 0.05859375
 0 0.224609375 0.5029296875 0.02734375 0.044921875
 0 0.2451171875 0.5 0.029296875 0.05078125
 0 0.24609375 0.5009765625 0.01171875 0.052734375
 0 0.2685546875 0.4921875 0.029296875 0.0546875
 0 0.2685546875 0.5009765625 0.017578125 0.044921875
 0 0.294921875 0.498046875 0.01953125 0.0390625
 4 0.4658203125 0.4345703125 0.017578125 0.041015625
 4 0.5244140625 0.3955078125 0.017578125 0.037109375
 None 0.546875 0.435546875 0.015625 0.01953125
 4 0.5478515625 0.4345703125 0.013671875 0.037109375
 None 0.5869140625 0.416015625 0.017578125 0.02734375
 4 0.58984375 0.416015625 0.015625 0.04296875
 0 0.7353515625 0.509765625 0.123046875 0.14453125