
 0 0.052734375 0.58984375 0.10546875 0.11328125
 0 0.0966796875 0.5732421875 0.099609375 0.138671875
 0 0.11328125 0.5908203125 0.07421875 0.099609375
 0 0.1796875 0.541015625 0.08203125 0.06640625
 0 0.1669921875 0.599609375 0.041015625 0.08984375
 0 0.1904296875 0.591796875 0.033203125 0.05859375
 3 0.3955078125 0.388671875 0.369140625 0.73828125
 1 0.5693359375 0.5693359375 0.017578125 0.099609375
 1 0.7626953125 0.529296875 0.041015625 0.0625
 1 0.984375 0.5615234375 0.03125 0.146484375
 1 0.9853515625 0.5556640625 0.025390625 0.169921875
 1 0.98828125 0.5673828125 0.01953125 0.123046875