
 0 0.1181640625 0.5546875 0.228515625 0.21484375
 4 0.1640625 0.2431640625 0.01953125 0.064453125
 4 0.294921875 0.232421875 0.0234375 0.0859375
 0 0.3125 0.5 0.0234375 0.03515625
 0 0.4052734375 0.4970703125 0.080078125 0.107421875
 4 0.40234375 0.244140625 0.01953125 0.0625
 0 0.4453125 0.505859375 0.03125 0.0703125
 0 0.51953125 0.501953125 0.0546875 0.08203125
 2 0.6357421875 0.505859375 0.037109375 0.10546875
 4 0.6669921875 0.373046875 0.029296875 0.0625
 0 0.7255859375 0.4912109375 0.068359375 0.056640625
 0 0.93359375 0.5107421875 0.12890625 0.099609375