
 0 0.216796875 0.4970703125 0.0546875 0.056640625
 0 0.32421875 0.48828125 0.03125 0.03125
 0 0.357421875 0.4912109375 0.05859375 0.068359375
 4 0.3857421875 0.3662109375 0.017578125 0.037109375
 4 0.447265625 0.373046875 0.01171875 0.03515625
 4 0.4501953125 0.3701171875 0.013671875 0.037109375
 0 0.4970703125 0.5087890625 0.076171875 0.099609375
 4 0.498046875 0.3720703125 0.015625 0.033203125
 4 0.498046875 0.375 0.01171875 0.03515625
 4 0.619140625 0.4365234375 0.015625 0.029296875
 4 0.619140625 0.4365234375 0.01171875 0.033203125
 4 0.6728515625 0.40625 0.017578125 0.046875
 4 0.677734375 0.412109375 0.01171875 0.0390625
 0 0.7666015625 0.5029296875 0.134765625 0.130859375
 0 0.765625 0.494140625 0.125 0.12109375