
 0 0.083984375 0.5498046875 0.1015625 0.087890625
 0 0.1318359375 0.529296875 0.041015625 0.08984375
 0 0.162109375 0.5341796875 0.04296875 0.056640625
 0 0.3818359375 0.6650390625 0.369140625 0.509765625
 0 0.5380859375 0.517578125 0.080078125 0.0703125
 1 0.76171875 0.48046875 0.01953125 0.04296875
 1 0.7783203125 0.505859375 0.021484375 0.0390625
 1 0.8134765625 0.482421875 0.017578125 0.078125
 1 0.837890625 0.5078125 0.01953125 0.13671875
 1 0.8623046875 0.4951171875 0.021484375 0.119140625
 0 0.982421875 0.546875 0.03515625 0.1015625