
 0 0.8876953125 0.623046875 0.224609375 0.31640625
 0 0.021484375 0.486328125 0.03515625 0.05078125
 4 0.0576171875 0.3671875 0.017578125 0.04296875
 4 0.0595703125 0.3662109375 0.017578125 0.037109375
 4 0.1123046875 0.3759765625 0.017578125 0.033203125
 4 0.115234375 0.3720703125 0.015625 0.033203125
 0 0.150390625 0.4853515625 0.03125 0.052734375
 0 0.1591796875 0.48046875 0.044921875 0.05078125
 0 0.177734375 0.4853515625 0.05078125 0.044921875
 0 0.1806640625 0.48046875 0.044921875 0.05078125
 4 0.1826171875 0.4296875 0.013671875 0.03125
 4 0.1845703125 0.4267578125 0.013671875 0.029296875
 0 0.220703125 0.4833984375 0.02734375 0.064453125
 0 0.2548828125 0.4833984375 0.060546875 0.060546875
 0 0.2548828125 0.4794921875 0.056640625 0.056640625
 0 0.3310546875 0.4853515625 0.083984375 0.111328125
 0 0.392578125 0.494140625 0.04296875 0.0625
 0 0.43359375 0.5048828125 0.04296875 0.068359375
 0 0.48046875 0.4970703125 0.0625 0.107421875
 0 0.4814453125 0.4931640625 0.056640625 0.119140625
 0 0.5419921875 0.5166015625 0.076171875 0.142578125
 0 0.5498046875 0.517578125 0.091796875 0.13671875
 0 0.671875 0.5419921875 0.18359375 0.162109375
 0 0.671875 0.5478515625 0.17578125 0.193359375