
 1 0.3642578125 0.5283203125 0.009765625 0.052734375
 1 0.349609375 0.5302734375 0.01171875 0.056640625
 1 0.33203125 0.5341796875 0.01171875 0.044921875
 1 0.3095703125 0.541015625 0.009765625 0.0390625
 1 0.29296875 0.541015625 0.01171875 0.04296875
 1 0.373046875 0.5234375 0.01171875 0.05859375
 1 0.7646484375 0.533203125 0.048828125 0.23046875
 0 0.2509765625 0.5380859375 0.064453125 0.056640625
 1 0.255859375 0.5380859375 0.0625 0.056640625
 3 0.525390625 0.4462890625 0.26953125 0.294921875
 1 0.6865234375 0.5146484375 0.041015625 0.232421875
 1 0.73046875 0.546875 0.03515625 0.1796875