
 0 0.8798828125 0.5908203125 0.240234375 0.283203125
 0 0.109375 0.4609375 0.13671875 0.17578125
 3 0.111328125 0.4560546875 0.1328125 0.166015625
 0 0.2431640625 0.5478515625 0.197265625 0.212890625
 4 0.28125 0.28515625 0.015625 0.0546875
 0 0.3525390625 0.4853515625 0.056640625 0.068359375
 None 0.3876953125 0.294921875 0.013671875 0.046875
 0 0.4140625 0.494140625 0.06640625 0.0625
 0 0.39453125 0.478515625 0.02734375 0.0546875
 None 0.4599609375 0.3125 0.029296875 0.05859375
 0 0.4912109375 0.4814453125 0.033203125 0.041015625
 3 0.53515625 0.46484375 0.03515625 0.05859375
 None 0.607421875 0.396484375 0.015625 0.03515625
 None 0.611328125 0.3935546875 0.015625 0.052734375
 0 0.6943359375 0.5205078125 0.126953125 0.166015625
 None 0.7099609375 0.3330078125 0.025390625 0.080078125
 None 0.7099609375 0.3291015625 0.025390625 0.064453125
 0 0.802734375 0.4814453125 0.10546875 0.060546875