
 0 0.3857421875 0.517578125 0.013671875 0.01953125
 3 0.068359375 0.5234375 0.12109375 0.08203125
 0 0.2333984375 0.560546875 0.126953125 0.1015625
 4 0.357421875 0.1923828125 0.03515625 0.083984375
 0 0.4638671875 0.521484375 0.076171875 0.06640625
 4 0.6015625 0.3544921875 0.02734375 0.087890625
 1 0.7333984375 0.5302734375 0.052734375 0.169921875
 1 0.810546875 0.54296875 0.0390625 0.17578125
 1 0.8349609375 0.517578125 0.021484375 0.13671875
 1 0.8623046875 0.5341796875 0.029296875 0.169921875