
 0 0.140625 0.552734375 0.26171875 0.15234375
 0 0.154296875 0.5625 0.2578125 0.19140625
 0 0.2744140625 0.5439453125 0.060546875 0.111328125
 0 0.2890625 0.5439453125 0.04296875 0.107421875
 0 0.3251953125 0.5244140625 0.064453125 0.111328125
 0 0.353515625 0.5185546875 0.0546875 0.103515625
 0 0.3623046875 0.5185546875 0.056640625 0.107421875
 0 0.4365234375 0.5107421875 0.037109375 0.048828125
 0 0.615234375 0.5107421875 0.0390625 0.064453125
 0 0.6513671875 0.525390625 0.048828125 0.125
 0 0.712890625 0.5302734375 0.1171875 0.169921875
 0 0.7236328125 0.53125 0.111328125 0.15625
 0 0.87109375 0.541015625 0.25390625 0.25390625
 0 0.8740234375 0.5537109375 0.244140625 0.275390625