
 0 0.1484375 0.564453125 0.109375 0.09765625
 0 0.921875 0.5458984375 0.15625 0.158203125
 0 0.2001953125 0.5390625 0.037109375 0.046875
 0 0.2255859375 0.544921875 0.029296875 0.046875
 0 0.2822265625 0.5361328125 0.037109375 0.037109375
 0 0.4169921875 0.5419921875 0.068359375 0.087890625
 4 0.4013671875 0.419921875 0.013671875 0.03125
 4 0.40234375 0.4228515625 0.015625 0.033203125
 4 0.44921875 0.4150390625 0.01171875 0.029296875
 4 0.4501953125 0.416015625 0.013671875 0.02734375
 0 0.5 0.53125 0.03515625 0.04296875
 4 0.5185546875 0.474609375 0.009765625 0.03125
 0 0.640625 0.51171875 0.07421875 0.05859375