
 2 0.91015625 0.59375 0.14453125 0.53125
 4 0.130859375 0.44140625 0.0078125 0.03125
 0 0.185546875 0.525390625 0.078125 0.046875
 0 0.185546875 0.52734375 0.0703125 0.046875
 0 0.3466796875 0.51953125 0.072265625 0.05078125
 0 0.419921875 0.5341796875 0.046875 0.056640625
 4 0.40234375 0.37890625 0.01171875 0.03515625
 4 0.4033203125 0.3798828125 0.009765625 0.033203125
 4 0.466796875 0.435546875 0.01171875 0.03125
 4 0.4677734375 0.443359375 0.013671875 0.03515625
 4 0.5458984375 0.416015625 0.013671875 0.05078125
 4 0.5478515625 0.4140625 0.017578125 0.046875