
 0 0.0380859375 0.595703125 0.076171875 0.171875
 0 0.154296875 0.5634765625 0.1640625 0.177734375
 0 0.1484375 0.5458984375 0.125 0.119140625
 0 0.2724609375 0.5498046875 0.072265625 0.107421875
 0 0.3212890625 0.564453125 0.029296875 0.0859375
 0 0.3515625 0.5146484375 0.05859375 0.115234375
 0 0.3837890625 0.5419921875 0.056640625 0.095703125
 0 0.3935546875 0.5458984375 0.048828125 0.091796875
 0 0.42578125 0.533203125 0.03515625 0.1015625
 0 0.5146484375 0.5654296875 0.146484375 0.154296875
 0 0.7373046875 0.3505859375 0.314453125 0.701171875
 3 0.740234375 0.37109375 0.3203125 0.7421875