
 0 0.009765625 0.505859375 0.01953125 0.0625
 0 0.0830078125 0.490234375 0.091796875 0.08203125
 0 0.16796875 0.4873046875 0.05859375 0.060546875
 0 0.234375 0.484375 0.03125 0.02734375
 4 0.380859375 0.283203125 0.0234375 0.08203125
 4 0.3876953125 0.275390625 0.017578125 0.0625
 0 0.5126953125 0.58984375 0.267578125 0.32421875
 4 0.509765625 0.2705078125 0.0234375 0.060546875
 4 0.6416015625 0.298828125 0.025390625 0.07421875
 0 0.7333984375 0.46875 0.052734375 0.0390625
 0 0.8662109375 0.5576171875 0.259765625 0.388671875
 4 0.75 0.3798828125 0.0234375 0.068359375
 4 0.751953125 0.37890625 0.015625 0.05078125