
 0 0.021484375 0.5712890625 0.04296875 0.130859375
 0 0.0244140625 0.5703125 0.033203125 0.18359375
 3 0.0830078125 0.4833984375 0.111328125 0.076171875
 0 0.0908203125 0.5810546875 0.126953125 0.173828125
 0 0.2841796875 0.5908203125 0.326171875 0.419921875
 4 0.3173828125 0.328125 0.017578125 0.0546875
 4 0.4140625 0.3251953125 0.01953125 0.048828125
 0 0.4677734375 0.5166015625 0.048828125 0.044921875
 0 0.47265625 0.51953125 0.03515625 0.046875
 4 0.4921875 0.3271484375 0.01953125 0.056640625
 0 0.533203125 0.53515625 0.0625 0.078125
 1 0.611328125 0.5185546875 0.015625 0.041015625
 0 0.69140625 0.564453125 0.14453125 0.16796875
 4 0.6787109375 0.4169921875 0.017578125 0.048828125
 0 0.8388671875 0.71484375 0.310546875 0.55859375
 0 0.8759765625 0.451171875 0.232421875 0.1015625
 4 0.9287109375 0.2568359375 0.052734375 0.158203125