
 0 0.1298828125 0.5400390625 0.064453125 0.068359375
 1 0.568359375 0.509765625 0.01171875 0.046875
 1 0.5380859375 0.5107421875 0.013671875 0.044921875
 0 0.955078125 0.517578125 0.08984375 0.08984375
 0 0.0673828125 0.5380859375 0.126953125 0.107421875
 0 0.330078125 0.650390625 0.32421875 0.41015625
 4 0.28125 0.275390625 0.01953125 0.0546875
 4 0.390625 0.2861328125 0.015625 0.060546875
 0 0.625 0.5302734375 0.1796875 0.099609375
 4 0.5634765625 0.408203125 0.017578125 0.0546875
 2 0.78515625 0.521484375 0.0625 0.1015625