
 3 0.04296875 0.5029296875 0.0859375 0.115234375
 3 0.041015625 0.5078125 0.08203125 0.109375
 1 0.1484375 0.5322265625 0.0234375 0.052734375
 0 0.193359375 0.5166015625 0.0546875 0.056640625
 4 0.2119140625 0.4287109375 0.021484375 0.064453125
 0 0.240234375 0.509765625 0.05859375 0.0390625
 0 0.244140625 0.5283203125 0.03515625 0.044921875
 0 0.333984375 0.5263671875 0.046875 0.048828125
 0 0.4833984375 0.5263671875 0.044921875 0.056640625
 0 0.484375 0.5234375 0.046875 0.05078125
 4 0.5361328125 0.40625 0.017578125 0.046875
 0 0.908203125 0.4990234375 0.1796875 0.099609375