
 0 0.0634765625 0.6328125 0.126953125 0.32421875
 3 0.0751953125 0.4951171875 0.142578125 0.126953125
 0 0.1533203125 0.5615234375 0.048828125 0.064453125
 0 0.2939453125 0.6591796875 0.330078125 0.419921875
 4 0.3388671875 0.248046875 0.021484375 0.06640625
 4 0.46484375 0.279296875 0.01953125 0.0625
 3 0.4755859375 0.5068359375 0.041015625 0.087890625
 1 0.4873046875 0.5322265625 0.033203125 0.091796875
 1 0.486328125 0.5283203125 0.015625 0.087890625
 4 0.6416015625 0.3955078125 0.021484375 0.060546875
 0 0.8837890625 0.552734375 0.228515625 0.6640625