
 0 0.04296875 0.56640625 0.0859375 0.06640625
 3 0.25390625 0.52734375 0.03125 0.04296875
 0 0.2568359375 0.53515625 0.033203125 0.0546875
 0 0.271484375 0.53515625 0.03125 0.02734375
 0 0.275390625 0.5400390625 0.03125 0.037109375
 0 0.3056640625 0.529296875 0.021484375 0.01953125
 0 0.3271484375 0.525390625 0.025390625 0.02734375
 0 0.3466796875 0.52734375 0.025390625 0.046875
 0 0.3720703125 0.52734375 0.044921875 0.06640625
 4 0.3583984375 0.4560546875 0.013671875 0.025390625
 0 0.396484375 0.521484375 0.02734375 0.03125
 0 0.427734375 0.546875 0.07421875 0.08203125
 4 0.3994140625 0.447265625 0.009765625 0.0234375