
 1 0.845703125 0.541015625 0.046875 0.28125
 1 0.8115234375 0.5576171875 0.056640625 0.271484375
 2 0.4833984375 0.5322265625 0.017578125 0.064453125
 0 0.35546875 0.5400390625 0.05078125 0.060546875
 4 0.3447265625 0.318359375 0.017578125 0.05078125
 0 0.416015625 0.5419921875 0.05859375 0.087890625
 4 0.42578125 0.3349609375 0.01171875 0.044921875
 4 0.51953125 0.427734375 0.01171875 0.04296875
 4 0.5693359375 0.37109375 0.017578125 0.0703125
 1 0.7109375 0.564453125 0.0390625 0.22265625
 1 0.748046875 0.5546875 0.03515625 0.265625
 1 0.7724609375 0.541015625 0.021484375 0.25390625