
 4 0.1162109375 0.423828125 0.056640625 0.17578125
 0 0.056640625 0.5556640625 0.078125 0.087890625
 3 0.2177734375 0.517578125 0.134765625 0.12890625
 0 0.2890625 0.5673828125 0.1640625 0.146484375
 3 0.35546875 0.5107421875 0.05078125 0.072265625
 4 0.396484375 0.41796875 0.01171875 0.0390625
 0 0.466796875 0.5234375 0.0234375 0.03515625
 0 0.4951171875 0.53125 0.048828125 0.0625
 0 0.53125 0.5185546875 0.0234375 0.052734375
 0 0.55859375 0.525390625 0.046875 0.0625
 4 0.564453125 0.3154296875 0.015625 0.060546875
 0 0.6298828125 0.5390625 0.087890625 0.0859375
 4 0.693359375 0.41796875 0.015625 0.04296875
 0 0.8408203125 0.564453125 0.208984375 0.1796875