
 0 0.0693359375 0.568359375 0.138671875 0.15625
 0 0.2275390625 0.5478515625 0.083984375 0.080078125
 0 0.306640625 0.5380859375 0.04296875 0.048828125
 0 0.3544921875 0.5302734375 0.033203125 0.044921875
 0 0.380859375 0.52734375 0.0234375 0.03515625
 0 0.4189453125 0.5478515625 0.076171875 0.095703125
 4 0.4150390625 0.4599609375 0.009765625 0.025390625
 4 0.4453125 0.4599609375 0.0078125 0.021484375
 0 0.5361328125 0.5380859375 0.052734375 0.068359375
 0 0.5908203125 0.5283203125 0.060546875 0.052734375
 0 0.73046875 0.537109375 0.140625 0.08203125