
 3 0.111328125 0.4765625 0.1953125 0.14453125
 3 0.1103515625 0.470703125 0.181640625 0.14453125
 0 0.2744140625 0.4990234375 0.052734375 0.056640625
 0 0.3642578125 0.4990234375 0.095703125 0.087890625
 4 0.4013671875 0.3154296875 0.017578125 0.037109375
 0 0.423828125 0.4912109375 0.03125 0.037109375
 0 0.48828125 0.4921875 0.03125 0.0390625
 4 0.5322265625 0.330078125 0.021484375 0.046875
 4 0.533203125 0.31640625 0.015625 0.05078125
 0 0.5595703125 0.4931640625 0.056640625 0.052734375
 4 0.62890625 0.412109375 0.015625 0.02734375
 4 0.6318359375 0.40234375 0.017578125 0.046875
 0 0.826171875 0.583984375 0.3203125 0.3203125
 4 0.8251953125 0.30859375 0.021484375 0.07421875
 4 0.8291015625 0.333984375 0.025390625 0.04296875
 0 0.9462890625 0.4873046875 0.080078125 0.126953125