
 0 0.0517578125 0.5712890625 0.103515625 0.107421875
 0 0.1318359375 0.55859375 0.076171875 0.09765625
 0 0.13671875 0.552734375 0.06640625 0.109375
 0 0.1904296875 0.5400390625 0.064453125 0.095703125
 0 0.19140625 0.5517578125 0.046875 0.068359375
 0 0.28125 0.537109375 0.05078125 0.0625
 0 0.2861328125 0.529296875 0.037109375 0.046875
 0 0.318359375 0.5341796875 0.03125 0.044921875
 0 0.3876953125 0.52734375 0.041015625 0.046875
 0 0.43359375 0.52734375 0.046875 0.0703125
 0 0.5625 0.52734375 0.0390625 0.0703125