
 0 0.072265625 0.568359375 0.09375 0.1953125
 0 0.10546875 0.541015625 0.07421875 0.13671875
 0 0.115234375 0.544921875 0.05859375 0.15625
 0 0.1689453125 0.5400390625 0.103515625 0.126953125
 0 0.1650390625 0.548828125 0.083984375 0.14453125
 1 0.2236328125 0.517578125 0.021484375 0.1171875
 1 0.2314453125 0.5205078125 0.033203125 0.126953125
 0 0.2900390625 0.529296875 0.115234375 0.078125
 0 0.291015625 0.53125 0.10546875 0.078125
 0 0.3310546875 0.5205078125 0.072265625 0.072265625
 0 0.3603515625 0.51171875 0.103515625 0.078125
 3 0.3525390625 0.5205078125 0.021484375 0.080078125
 3 0.3779296875 0.515625 0.068359375 0.078125
 3 0.453125 0.486328125 0.05859375 0.13671875
 3 0.4580078125 0.4912109375 0.060546875 0.134765625
 0 0.515625 0.525390625 0.046875 0.05859375
 0 0.5146484375 0.529296875 0.044921875 0.05859375
 3 0.5244140625 0.4775390625 0.052734375 0.126953125
 3 0.5263671875 0.462890625 0.056640625 0.09375
 1 0.6376953125 0.5068359375 0.033203125 0.138671875
 1 0.63671875 0.5078125 0.02734375 0.15625
 1 0.64453125 0.5146484375 0.015625 0.126953125
 1 0.6806640625 0.5703125 0.083984375 0.40234375
 1 0.7490234375 0.572265625 0.091796875 0.40625