
 3 0.072265625 0.486328125 0.12109375 0.15234375
 0 0.1337890625 0.5556640625 0.091796875 0.091796875
 0 0.2021484375 0.4833984375 0.130859375 0.119140625
 3 0.1953125 0.5029296875 0.109375 0.138671875
 0 0.3076171875 0.5986328125 0.220703125 0.267578125
 3 0.3984375 0.509765625 0.12109375 0.1953125
 0 0.431640625 0.51953125 0.0703125 0.26953125
 0 0.4990234375 0.53125 0.041015625 0.06640625
 0 0.548828125 0.5263671875 0.046875 0.130859375
 0 0.57421875 0.5205078125 0.09375 0.126953125
 0 0.634765625 0.546875 0.15234375 0.15625
 3 0.7333984375 0.474609375 0.119140625 0.1875
 0 0.7373046875 0.474609375 0.087890625 0.1484375