
 1 0.9150390625 0.521484375 0.017578125 0.06640625
 0 0.1796875 0.525390625 0.0390625 0.0390625
 0 0.2509765625 0.521484375 0.056640625 0.05859375
 0 0.3173828125 0.5234375 0.048828125 0.04296875
 0 0.3193359375 0.5166015625 0.048828125 0.044921875
 4 0.3193359375 0.4736328125 0.025390625 0.048828125
 4 0.3154296875 0.48046875 0.017578125 0.05078125
 0 0.388671875 0.5087890625 0.0546875 0.041015625
 0 0.427734375 0.517578125 0.0234375 0.04296875
 4 0.43359375 0.337890625 0.015625 0.03515625
 0 0.466796875 0.5322265625 0.0625 0.091796875
 4 0.5078125 0.4365234375 0.015625 0.041015625
 4 0.5126953125 0.359375 0.017578125 0.04296875
 0 0.53125 0.52734375 0.046875 0.09375
 0 0.521484375 0.5302734375 0.01953125 0.064453125
 0 0.5537109375 0.5380859375 0.044921875 0.072265625
 0 0.5458984375 0.5390625 0.021484375 0.0625
 4 0.5517578125 0.4755859375 0.009765625 0.029296875
 0 0.58203125 0.55078125 0.05859375 0.08984375
 0 0.57421875 0.548828125 0.02734375 0.0859375
 0 0.6484375 0.5625 0.125 0.1171875
 4 0.61328125 0.4404296875 0.015625 0.041015625
 4 0.6474609375 0.4208984375 0.017578125 0.033203125
 1 0.9921875 0.5107421875 0.01171875 0.080078125