
 0 0.0712890625 0.5537109375 0.138671875 0.181640625
 0 0.2978515625 0.50390625 0.087890625 0.1015625
 0 0.2998046875 0.5087890625 0.076171875 0.087890625
 0 0.3447265625 0.4951171875 0.037109375 0.103515625
 0 0.349609375 0.4931640625 0.03125 0.099609375
 0 0.4619140625 0.49609375 0.044921875 0.05078125
 0 0.5 0.4912109375 0.04296875 0.048828125
 0 0.599609375 0.4873046875 0.03515625 0.052734375
 0 0.6259765625 0.5029296875 0.068359375 0.076171875
 0 0.6279296875 0.509765625 0.056640625 0.10546875
 0 0.681640625 0.5263671875 0.0703125 0.123046875
 0 0.787109375 0.548828125 0.18359375 0.16796875