
 4 0.2587890625 0.4404296875 0.017578125 0.041015625
 1 0.4169921875 0.4970703125 0.021484375 0.091796875
 1 0.421875 0.4931640625 0.01953125 0.087890625
 4 0.4453125 0.4140625 0.015625 0.0390625
 4 0.447265625 0.4208984375 0.015625 0.033203125
 0 0.552734375 0.4951171875 0.03515625 0.060546875
 0 0.5537109375 0.4970703125 0.029296875 0.037109375
 4 0.607421875 0.419921875 0.01953125 0.03515625
 4 0.6064453125 0.423828125 0.013671875 0.04296875
 0 0.783203125 0.4912109375 0.09765625 0.056640625
 0 0.7822265625 0.48828125 0.095703125 0.046875
 1 0.9072265625 0.5087890625 0.044921875 0.154296875
 1 0.904296875 0.515625 0.03125 0.16015625