
 0 0.2607421875 0.54296875 0.044921875 0.0703125
 0 0.2646484375 0.5439453125 0.048828125 0.091796875
 0 0.3583984375 0.568359375 0.169921875 0.2421875
 4 0.4345703125 0.4853515625 0.013671875 0.037109375
 0 0.4501953125 0.5595703125 0.033203125 0.134765625
 0 0.4990234375 0.5234375 0.037109375 0.0390625
 0 0.4970703125 0.5234375 0.025390625 0.03515625
 0 0.5283203125 0.51953125 0.033203125 0.05078125
 4 0.5625 0.3896484375 0.01171875 0.037109375
 4 0.5654296875 0.3828125 0.013671875 0.04296875
 0 0.59765625 0.5185546875 0.0234375 0.037109375
 4 0.650390625 0.4541015625 0.015625 0.037109375
 4 0.65234375 0.4697265625 0.01171875 0.033203125
 4 0.853515625 0.408203125 0.01171875 0.05078125
 4 0.85546875 0.400390625 0.015625 0.046875
 0 0.919921875 0.4970703125 0.1015625 0.060546875
 0 0.9228515625 0.4990234375 0.095703125 0.056640625