
 1 0.4873046875 0.5185546875 0.013671875 0.072265625
 2 0.1025390625 0.5380859375 0.021484375 0.064453125
 2 0.1044921875 0.537109375 0.021484375 0.0625
 3 0.2177734375 0.505859375 0.095703125 0.08984375
 0 0.2373046875 0.533203125 0.095703125 0.0390625
 0 0.2392578125 0.53125 0.095703125 0.05078125
 0 0.3232421875 0.5322265625 0.064453125 0.076171875
 0 0.357421875 0.525390625 0.01171875 0.03125
 4 0.380859375 0.3515625 0.01171875 0.04296875
 0 0.4111328125 0.5361328125 0.064453125 0.080078125
 1 0.4482421875 0.5185546875 0.013671875 0.083984375
 1 0.4521484375 0.52734375 0.017578125 0.0703125
 4 0.455078125 0.3701171875 0.01171875 0.041015625
 4 0.4560546875 0.3720703125 0.013671875 0.037109375
 3 0.572265625 0.4775390625 0.17578125 0.080078125
 0 0.533203125 0.5224609375 0.078125 0.111328125
 0 0.517578125 0.5185546875 0.03515625 0.103515625
 0 0.5732421875 0.541015625 0.095703125 0.10546875
 4 0.55859375 0.4306640625 0.01171875 0.013671875
 4 0.55859375 0.4306640625 0.01171875 0.017578125
 4 0.66796875 0.369140625 0.01171875 0.0390625
 4 0.669921875 0.37109375 0.01171875 0.046875
 1 0.7529296875 0.509765625 0.025390625 0.09375
 1 0.7548828125 0.5078125 0.025390625 0.09375