
 0 0.0810546875 0.572265625 0.142578125 0.109375
 0 0.1904296875 0.5390625 0.072265625 0.046875
 0 0.375 0.5390625 0.06640625 0.0703125
 0 0.416015625 0.53125 0.046875 0.0546875
 0 0.4130859375 0.5302734375 0.033203125 0.052734375
 4 0.4296875 0.2763671875 0.01953125 0.048828125
 4 0.427734375 0.2734375 0.015625 0.046875
 0 0.5146484375 0.5048828125 0.068359375 0.119140625
 3 0.5126953125 0.5078125 0.060546875 0.11328125
 4 0.5419921875 0.267578125 0.021484375 0.0703125
 4 0.541015625 0.2646484375 0.01953125 0.056640625
 0 0.5546875 0.5224609375 0.03515625 0.056640625
 0 0.6396484375 0.5146484375 0.037109375 0.044921875
 2 0.6513671875 0.525390625 0.021484375 0.0625
 4 0.7158203125 0.4072265625 0.021484375 0.072265625
 4 0.7158203125 0.4013671875 0.013671875 0.044921875
 0 0.8505859375 0.529296875 0.169921875 0.08984375