
 0 0.048828125 0.5625 0.09765625 0.1484375
 1 0.6123046875 0.5 0.009765625 0.02734375
 1 0.5048828125 0.5107421875 0.009765625 0.041015625
 1 0.5703125 0.505859375 0.0078125 0.04296875
 0 0.13671875 0.533203125 0.09765625 0.1328125
 4 0.1337890625 0.462890625 0.009765625 0.01953125
 0 0.205078125 0.537109375 0.04296875 0.078125
 0 0.2548828125 0.5263671875 0.044921875 0.060546875
 4 0.3447265625 0.375 0.013671875 0.03515625
 0 0.3857421875 0.515625 0.044921875 0.04296875
 0 0.4169921875 0.5244140625 0.052734375 0.072265625
 4 0.40625 0.3779296875 0.01171875 0.033203125
 4 0.5029296875 0.4521484375 0.013671875 0.041015625
 4 0.544921875 0.3828125 0.015625 0.04296875
 4 0.548828125 0.384765625 0.01953125 0.0546875
 0 0.626953125 0.5087890625 0.0390625 0.041015625