
 1 0.6279296875 0.5185546875 0.025390625 0.087890625
 1 0.021484375 0.5458984375 0.01953125 0.103515625
 1 0.0302734375 0.5419921875 0.017578125 0.087890625
 0 0.28125 0.6796875 0.3828125 0.453125
 1 0.140625 0.52734375 0.0234375 0.0703125
 4 0.2509765625 0.4208984375 0.021484375 0.056640625
 0 0.45703125 0.5400390625 0.1015625 0.181640625
 0 0.517578125 0.517578125 0.05859375 0.0625
 0 0.5166015625 0.5166015625 0.052734375 0.087890625
 4 0.513671875 0.40625 0.01953125 0.0625
 1 0.556640625 0.5302734375 0.02734375 0.123046875
 1 0.5712890625 0.5185546875 0.013671875 0.115234375
 1 0.5810546875 0.5 0.021484375 0.0703125
 1 0.591796875 0.5126953125 0.01953125 0.123046875
 1 0.7109375 0.5009765625 0.01953125 0.072265625
 1 0.7412109375 0.5048828125 0.041015625 0.087890625
 1 0.7314453125 0.478515625 0.013671875 0.03515625
 0 0.8798828125 0.6123046875 0.228515625 0.556640625
 1 0.798828125 0.4599609375 0.03125 0.068359375