
 2 0.6552734375 0.49609375 0.009765625 0.03515625
 4 0.072265625 0.0849609375 0.109375 0.158203125
 0 0.140625 0.5185546875 0.1796875 0.146484375
 3 0.255859375 0.470703125 0.1015625 0.08203125
 0 0.3359375 0.5126953125 0.0859375 0.083984375
 0 0.328125 0.517578125 0.0703125 0.078125
 0 0.416015625 0.49609375 0.05078125 0.04296875
 0 0.4482421875 0.494140625 0.033203125 0.03125
 0 0.4775390625 0.49609375 0.033203125 0.0390625
 0 0.4814453125 0.5 0.021484375 0.03515625
 4 0.5703125 0.0283203125 0.02734375 0.056640625
 4 0.56640625 0.361328125 0.015625 0.05078125
 4 0.65234375 0.3564453125 0.015625 0.041015625
 0 0.7216796875 0.505859375 0.072265625 0.08984375
 4 0.724609375 0.4140625 0.015625 0.046875
 0 0.7705078125 0.5009765625 0.037109375 0.091796875
 0 0.828125 0.5087890625 0.1328125 0.142578125
 4 0.80078125 0.07421875 0.02734375 0.08984375
 0 0.943359375 0.5107421875 0.09375 0.126953125