
 0 0.1591796875 0.5341796875 0.068359375 0.056640625
 0 0.16015625 0.529296875 0.06640625 0.0703125
 0 0.23828125 0.529296875 0.07421875 0.078125
 0 0.2412109375 0.5244140625 0.064453125 0.076171875
 0 0.314453125 0.5234375 0.05078125 0.0546875
 0 0.314453125 0.51953125 0.0390625 0.0390625
 0 0.36328125 0.515625 0.0234375 0.03125
 3 0.4052734375 0.5009765625 0.052734375 0.107421875
 0 0.4384765625 0.51171875 0.025390625 0.05859375
 0 0.4375 0.513671875 0.015625 0.04296875
 0 0.482421875 0.5107421875 0.01953125 0.033203125