
 0 0.0537109375 0.560546875 0.107421875 0.19921875
 0 0.935546875 0.6005859375 0.12890625 0.251953125
 0 0.0947265625 0.521484375 0.130859375 0.1953125
 0 0.185546875 0.5478515625 0.07421875 0.119140625
 0 0.2216796875 0.5341796875 0.060546875 0.095703125
 0 0.2275390625 0.5390625 0.041015625 0.06640625
 0 0.2646484375 0.5244140625 0.056640625 0.080078125
 0 0.2666015625 0.52734375 0.048828125 0.0703125
 0 0.3037109375 0.5185546875 0.044921875 0.076171875
 0 0.3095703125 0.5224609375 0.044921875 0.056640625
 0 0.373046875 0.521484375 0.046875 0.0625
 0 0.3740234375 0.5224609375 0.041015625 0.044921875
 4 0.3916015625 0.404296875 0.017578125 0.04296875
 4 0.3916015625 0.400390625 0.009765625 0.0234375
 0 0.4306640625 0.51171875 0.052734375 0.078125
 4 0.4443359375 0.4033203125 0.021484375 0.044921875
 0 0.4443359375 0.3994140625 0.009765625 0.029296875
 4 0.4873046875 0.40234375 0.017578125 0.04296875
 4 0.4873046875 0.40234375 0.009765625 0.03125
 0 0.53125 0.5224609375 0.05078125 0.064453125
 0 0.5859375 0.5068359375 0.0546875 0.087890625
 0 0.58984375 0.509765625 0.046875 0.0703125
 0 0.60546875 0.525390625 0.03125 0.0625
 4 0.603515625 0.423828125 0.0234375 0.0625
 4 0.60546875 0.42578125 0.015625 0.0390625
 0 0.63671875 0.5263671875 0.05859375 0.095703125
 0 0.6376953125 0.525390625 0.060546875 0.11328125
 0 0.6875 0.5361328125 0.109375 0.111328125
 0 0.685546875 0.5361328125 0.1015625 0.091796875