
 0 0.84375 0.6171875 0.3125 0.31640625
 0 0.06640625 0.5078125 0.05859375 0.046875
 0 0.0595703125 0.5146484375 0.044921875 0.064453125
 0 0.1806640625 0.548828125 0.072265625 0.08203125
 0 0.2353515625 0.533203125 0.041015625 0.09375
 0 0.2861328125 0.5341796875 0.048828125 0.064453125
 0 0.3408203125 0.51953125 0.029296875 0.046875
 0 0.42578125 0.525390625 0.046875 0.05078125
 0 0.423828125 0.5283203125 0.04296875 0.056640625
 0 0.505859375 0.5205078125 0.04296875 0.064453125
 0 0.5537109375 0.5361328125 0.068359375 0.083984375
 0 0.6435546875 0.5634765625 0.099609375 0.189453125