
 0 0.0400390625 0.5625 0.080078125 0.20703125
 0 0.1494140625 0.513671875 0.138671875 0.1953125
 0 0.248046875 0.509765625 0.06640625 0.10546875
 0 0.2939453125 0.5107421875 0.037109375 0.099609375
 0 0.3232421875 0.5029296875 0.021484375 0.060546875
 0 0.341796875 0.4912109375 0.02734375 0.080078125
 0 0.48828125 0.474609375 0.02734375 0.03125
 0 0.5185546875 0.4794921875 0.029296875 0.029296875
 0 0.5419921875 0.4794921875 0.029296875 0.037109375
 0 0.744140625 0.4736328125 0.03515625 0.041015625
 0 0.7763671875 0.46875 0.037109375 0.0390625
 0 0.8466796875 0.4658203125 0.044921875 0.037109375