
 0 0.87109375 0.7021484375 0.2578125 0.595703125
 0 0.1552734375 0.556640625 0.123046875 0.14453125
 0 0.1611328125 0.5546875 0.126953125 0.14453125
 0 0.2294921875 0.548828125 0.033203125 0.08203125
 0 0.232421875 0.560546875 0.03125 0.08984375
 0 0.248046875 0.5537109375 0.03125 0.080078125
 0 0.267578125 0.546875 0.05078125 0.08984375
 0 0.423828125 0.537109375 0.046875 0.05078125
 3 0.474609375 0.51953125 0.04296875 0.10546875
 0 0.4931640625 0.5419921875 0.033203125 0.072265625
 0 0.525390625 0.5361328125 0.0703125 0.162109375
 0 0.529296875 0.5341796875 0.07421875 0.142578125
 0 0.591796875 0.5654296875 0.12109375 0.134765625