
 0 0.1845703125 0.4580078125 0.041015625 0.048828125
 0 0.1865234375 0.4599609375 0.037109375 0.037109375
 0 0.21875 0.4599609375 0.01953125 0.029296875
 0 0.21875 0.4619140625 0.01953125 0.033203125
 0 0.2548828125 0.46484375 0.033203125 0.03515625
 0 0.255859375 0.4677734375 0.02734375 0.037109375
 0 0.3037109375 0.4619140625 0.033203125 0.041015625
 0 0.3056640625 0.4619140625 0.029296875 0.037109375
 0 0.3330078125 0.4599609375 0.025390625 0.044921875
 0 0.3291015625 0.4658203125 0.017578125 0.033203125
 0 0.5107421875 0.484375 0.041015625 0.046875
 4 0.517578125 0.3564453125 0.0234375 0.033203125
 0 0.5849609375 0.4912109375 0.052734375 0.076171875
 4 0.580078125 0.37890625 0.01953125 0.0390625
 0 0.6767578125 0.462890625 0.029296875 0.02734375
 4 0.6796875 0.39453125 0.01171875 0.0234375
 4 0.6796875 0.3857421875 0.01171875 0.056640625
 2 0.74609375 0.4921875 0.01953125 0.05078125