
 0 0.8896484375 0.6240234375 0.220703125 0.333984375
 0 0.1318359375 0.5185546875 0.060546875 0.041015625
 0 0.1357421875 0.5205078125 0.052734375 0.044921875
 0 0.19921875 0.505859375 0.09375 0.09765625
 0 0.2060546875 0.4970703125 0.076171875 0.083984375
 0 0.2548828125 0.501953125 0.060546875 0.08203125
 0 0.263671875 0.5048828125 0.046875 0.076171875
 0 0.35546875 0.494140625 0.03515625 0.046875
 0 0.3564453125 0.4990234375 0.033203125 0.044921875
 4 0.3662109375 0.375 0.017578125 0.03515625
 4 0.423828125 0.37109375 0.015625 0.04296875
 4 0.4228515625 0.375 0.013671875 0.03125
 4 0.46875 0.390625 0.01953125 0.0390625
 4 0.4677734375 0.3828125 0.013671875 0.04296875
 4 0.5595703125 0.4384765625 0.017578125 0.044921875
 4 0.5595703125 0.44140625 0.013671875 0.03125
 0 0.642578125 0.521484375 0.10546875 0.13671875
 0 0.64453125 0.525390625 0.10546875 0.12109375
 4 0.666015625 0.4052734375 0.02734375 0.060546875
 4 0.666015625 0.408203125 0.015625 0.04296875