
 1 0.0322265625 0.5791015625 0.017578125 0.080078125
 1 0.0634765625 0.57421875 0.033203125 0.078125
 1 0.064453125 0.578125 0.03125 0.08203125
 0 0.2724609375 0.5419921875 0.087890625 0.099609375
 0 0.27734375 0.548828125 0.09765625 0.10546875
 0 0.5068359375 0.533203125 0.064453125 0.0546875
 1 0.5791015625 0.51953125 0.017578125 0.09765625
 1 0.5810546875 0.51953125 0.021484375 0.08203125
 1 0.6142578125 0.5146484375 0.025390625 0.095703125
 1 0.64453125 0.525390625 0.02734375 0.109375
 1 0.7255859375 0.546875 0.048828125 0.234375
 1 0.787109375 0.5439453125 0.0546875 0.228515625
 0 0.9423828125 0.5029296875 0.076171875 0.068359375