
 0 0.052734375 0.5283203125 0.10546875 0.169921875
 0 0.203125 0.5224609375 0.18359375 0.193359375
 4 0.2548828125 0.3271484375 0.017578125 0.029296875
 4 0.2587890625 0.341796875 0.017578125 0.046875
 0 0.3193359375 0.494140625 0.041015625 0.04296875
 4 0.310546875 0.3251953125 0.01953125 0.029296875
 4 0.3125 0.33203125 0.01953125 0.05078125
 0 0.48828125 0.626953125 0.36328125 0.43359375
 4 0.390625 0.3369140625 0.015625 0.044921875
 4 0.4501953125 0.333984375 0.021484375 0.046875
 4 0.572265625 0.38671875 0.01953125 0.03515625
 0 0.853515625 0.533203125 0.171875 0.20703125