
 0 0.033203125 0.6337890625 0.06640625 0.435546875
 0 0.025390625 0.638671875 0.05078125 0.37890625
 0 0.1142578125 0.505859375 0.048828125 0.0703125
 0 0.111328125 0.5078125 0.0390625 0.046875
 4 0.1064453125 0.3037109375 0.017578125 0.048828125
 4 0.1064453125 0.3046875 0.013671875 0.0625
 0 0.173828125 0.5048828125 0.0546875 0.072265625
 0 0.21875 0.509765625 0.04296875 0.0546875
 4 0.2060546875 0.328125 0.013671875 0.03515625
 0 0.21875 0.5078125 0.0390625 0.0546875
 4 0.208984375 0.3134765625 0.015625 0.044921875
 0 0.28125 0.501953125 0.046875 0.0625
 4 0.3525390625 0.4248046875 0.013671875 0.041015625
 4 0.3515625 0.416015625 0.01171875 0.04296875
 0 0.7724609375 0.470703125 0.119140625 0.0625
 0 0.7763671875 0.4794921875 0.119140625 0.087890625
 0 0.88671875 0.46875 0.10546875 0.07421875
 0 0.88671875 0.4658203125 0.09765625 0.056640625