
 0 0.0478515625 0.560546875 0.095703125 0.1640625
 3 0.099609375 0.447265625 0.109375 0.09375
 3 0.1123046875 0.462890625 0.107421875 0.09375
 0 0.1181640625 0.5517578125 0.068359375 0.115234375
 0 0.25 0.5283203125 0.05859375 0.068359375
 0 0.25390625 0.533203125 0.05078125 0.06640625
 3 0.2861328125 0.5048828125 0.072265625 0.083984375
 0 0.2958984375 0.50390625 0.044921875 0.09375
 0 0.330078125 0.51171875 0.03125 0.05078125
 0 0.388671875 0.5283203125 0.09375 0.115234375
 0 0.412109375 0.5 0.05859375 0.1015625
 0 0.4296875 0.498046875 0.03125 0.09765625
 0 0.4716796875 0.5166015625 0.041015625 0.048828125
 0 0.5234375 0.51953125 0.0703125 0.08984375
 0 0.521484375 0.5205078125 0.06640625 0.083984375
 0 0.8154296875 0.6416015625 0.365234375 0.521484375
 0 0.8251953125 0.6240234375 0.345703125 0.400390625