
 0 0.0234375 0.552734375 0.046875 0.078125
 0 0.09375 0.56640625 0.08984375 0.06640625
 0 0.18359375 0.5654296875 0.03125 0.076171875
 0 0.2021484375 0.5595703125 0.064453125 0.076171875
 0 0.259765625 0.556640625 0.1328125 0.0859375
 0 0.2626953125 0.5625 0.126953125 0.109375
 1 0.482421875 0.5595703125 0.02734375 0.119140625
 1 0.4873046875 0.5546875 0.017578125 0.10546875
 1 0.4990234375 0.5546875 0.037109375 0.125
 1 0.4970703125 0.5576171875 0.025390625 0.123046875
 1 0.5185546875 0.5576171875 0.025390625 0.119140625