
 0 0.0634765625 0.556640625 0.126953125 0.16796875
 0 0.16796875 0.548828125 0.09375 0.13671875
 0 0.2431640625 0.51953125 0.056640625 0.1328125
 0 0.291015625 0.5205078125 0.0390625 0.091796875
 0 0.32421875 0.5205078125 0.02734375 0.076171875
 0 0.3564453125 0.5107421875 0.044921875 0.072265625
 0 0.451171875 0.498046875 0.09375 0.06640625
 0 0.498046875 0.4833984375 0.0390625 0.044921875
 0 0.548828125 0.4833984375 0.046875 0.037109375
 0 0.8095703125 0.4951171875 0.091796875 0.068359375
 0 0.845703125 0.47265625 0.05078125 0.0390625
 0 0.8896484375 0.4775390625 0.052734375 0.037109375
 0 0.8896484375 0.4736328125 0.044921875 0.033203125