
 2 0.021484375 0.548828125 0.03125 0.0859375
 0 0.1181640625 0.529296875 0.095703125 0.1015625
 0 0.193359375 0.541015625 0.07421875 0.06640625
 0 0.1953125 0.5087890625 0.06640625 0.048828125
 3 0.2880859375 0.4814453125 0.111328125 0.173828125
 0 0.3623046875 0.5244140625 0.037109375 0.037109375
 0 0.3857421875 0.51953125 0.041015625 0.05078125
 4 0.4228515625 0.318359375 0.021484375 0.05859375
 4 0.4990234375 0.31640625 0.021484375 0.0625
 0 0.541015625 0.515625 0.03125 0.04296875
 4 0.64453125 0.4150390625 0.02734375 0.068359375