
 0 0.142578125 0.4794921875 0.11328125 0.103515625
 0 0.1474609375 0.4755859375 0.119140625 0.126953125
 0 0.2802734375 0.4921875 0.134765625 0.15234375
 4 0.2685546875 0.34375 0.021484375 0.0546875
 4 0.271484375 0.345703125 0.01953125 0.04296875
 4 0.345703125 0.3388671875 0.01953125 0.044921875
 4 0.3466796875 0.337890625 0.017578125 0.04296875
 0 0.3583984375 0.4990234375 0.041015625 0.091796875
 0 0.365234375 0.5 0.03515625 0.10546875
 4 0.4033203125 0.3447265625 0.013671875 0.037109375
 4 0.4072265625 0.3408203125 0.017578125 0.044921875
 0 0.455078125 0.498046875 0.078125 0.10546875
 2 0.5341796875 0.494140625 0.025390625 0.07421875
 2 0.541015625 0.494140625 0.0234375 0.078125
 4 0.5478515625 0.4150390625 0.013671875 0.029296875
 0 0.5986328125 0.474609375 0.048828125 0.046875
 4 0.5888671875 0.3779296875 0.017578125 0.064453125
 4 0.587890625 0.3720703125 0.015625 0.048828125
 0 0.912109375 0.45703125 0.046875 0.04296875