
 0 0.111328125 0.54296875 0.0390625 0.04296875
 0 0.1162109375 0.53125 0.041015625 0.05859375
 0 0.265625 0.5224609375 0.04296875 0.060546875
 0 0.2744140625 0.5224609375 0.037109375 0.052734375
 0 0.3564453125 0.564453125 0.134765625 0.1796875
 0 0.3603515625 0.5595703125 0.138671875 0.177734375
 4 0.345703125 0.328125 0.01953125 0.05859375
 4 0.3447265625 0.326171875 0.017578125 0.046875
 4 0.443359375 0.33984375 0.01953125 0.0625
 4 0.4423828125 0.33203125 0.017578125 0.05859375
 0 0.541015625 0.53125 0.0703125 0.171875
 0 0.5615234375 0.5419921875 0.095703125 0.185546875
 4 0.5263671875 0.3525390625 0.021484375 0.048828125
 4 0.5244140625 0.357421875 0.013671875 0.046875
 0 0.6953125 0.583984375 0.25390625 0.27734375
 4 0.626953125 0.419921875 0.01953125 0.046875
 4 0.62890625 0.416015625 0.015625 0.04296875
 0 0.8837890625 0.513671875 0.232421875 0.1953125
 0 0.8837890625 0.4853515625 0.228515625 0.263671875