
 0 0.076171875 0.455078125 0.15234375 0.296875
 3 0.2265625 0.4345703125 0.1640625 0.177734375
 0 0.306640625 0.484375 0.01953125 0.0546875
 0 0.3359375 0.4736328125 0.06640625 0.087890625
 4 0.3349609375 0.3916015625 0.017578125 0.033203125
 4 0.333984375 0.396484375 0.015625 0.02734375
 4 0.365234375 0.3916015625 0.015625 0.025390625
 4 0.3701171875 0.39453125 0.013671875 0.02734375
 0 0.4052734375 0.4853515625 0.041015625 0.060546875
 4 0.41015625 0.3896484375 0.015625 0.029296875
 4 0.4150390625 0.3896484375 0.013671875 0.029296875
 4 0.4443359375 0.3916015625 0.013671875 0.037109375
 4 0.4462890625 0.3935546875 0.013671875 0.029296875
 0 0.4697265625 0.486328125 0.056640625 0.0625
 4 0.515625 0.4248046875 0.01171875 0.025390625
 0 0.5654296875 0.47265625 0.076171875 0.046875
 0 0.5673828125 0.4736328125 0.076171875 0.041015625
 0 0.7314453125 0.4638671875 0.052734375 0.048828125
 0 0.9287109375 0.453125 0.064453125 0.04296875