
 0 0.072265625 0.4892578125 0.10546875 0.080078125
 0 0.1630859375 0.4775390625 0.099609375 0.080078125
 4 0.1708984375 0.3916015625 0.013671875 0.044921875
 0 0.2841796875 0.48046875 0.064453125 0.078125
 4 0.2783203125 0.302734375 0.013671875 0.04296875
 0 0.3388671875 0.474609375 0.029296875 0.0546875
 4 0.3759765625 0.3623046875 0.013671875 0.037109375
 4 0.443359375 0.3583984375 0.01171875 0.037109375
 4 0.5576171875 0.4189453125 0.013671875 0.037109375
 4 0.607421875 0.3798828125 0.01953125 0.056640625
 0 0.734375 0.4814453125 0.09765625 0.056640625