
 0 0.1884765625 0.54296875 0.037109375 0.046875
 0 0.2275390625 0.5341796875 0.025390625 0.021484375
 0 0.2548828125 0.5341796875 0.033203125 0.041015625
 0 0.306640625 0.5439453125 0.0546875 0.048828125
 0 0.3486328125 0.5400390625 0.021484375 0.052734375
 0 0.369140625 0.5458984375 0.0390625 0.056640625
 0 0.498046875 0.5546875 0.0625 0.08984375
 0 0.583984375 0.55078125 0.13671875 0.13671875
 0 0.6787109375 0.5146484375 0.068359375 0.048828125
 0 0.759765625 0.5029296875 0.109375 0.072265625
 0 0.791015625 0.513671875 0.06640625 0.0390625
 0 0.80859375 0.5244140625 0.05859375 0.044921875