
 0 0.0390625 0.568359375 0.078125 0.125
 0 0.23046875 0.533203125 0.0234375 0.02734375
 0 0.3427734375 0.529296875 0.044921875 0.0625
 0 0.400390625 0.533203125 0.0625 0.08203125
 1 0.4990234375 0.51953125 0.025390625 0.08984375
 1 0.49609375 0.5244140625 0.01953125 0.083984375
 1 0.6767578125 0.4931640625 0.025390625 0.068359375
 1 0.67578125 0.498046875 0.015625 0.046875
 1 0.6982421875 0.4931640625 0.013671875 0.072265625
 1 0.7119140625 0.484375 0.017578125 0.08984375
 1 0.7275390625 0.494140625 0.033203125 0.11328125
 1 0.7275390625 0.4873046875 0.017578125 0.091796875