
 1 0.546875 0.517578125 0.02734375 0.05859375
 1 0.474609375 0.5185546875 0.0390625 0.072265625
 1 0.0185546875 0.5517578125 0.021484375 0.072265625
 1 0.0205078125 0.5478515625 0.017578125 0.076171875
 1 0.0361328125 0.5439453125 0.017578125 0.076171875
 1 0.037109375 0.548828125 0.015625 0.0703125
 0 0.1328125 0.533203125 0.1953125 0.125
 0 0.330078125 0.65234375 0.328125 0.41015625
 4 0.28125 0.275390625 0.01953125 0.0625
 4 0.3896484375 0.287109375 0.017578125 0.0703125
 1 0.5107421875 0.5322265625 0.017578125 0.060546875
 4 0.5625 0.408203125 0.01953125 0.0625
 1 0.6044921875 0.572265625 0.072265625 0.26171875
 2 0.662109375 0.5283203125 0.03125 0.091796875
 0 0.734375 0.5283203125 0.15234375 0.099609375
 0 0.8896484375 0.52734375 0.169921875 0.08984375