
 0 0.9287109375 0.66796875 0.142578125 0.390625
 0 0.0615234375 0.5244140625 0.099609375 0.080078125
 0 0.173828125 0.5556640625 0.0859375 0.083984375
 0 0.1767578125 0.5576171875 0.087890625 0.087890625
 0 0.232421875 0.548828125 0.0390625 0.07421875
 0 0.2353515625 0.546875 0.041015625 0.07421875
 0 0.3125 0.52734375 0.04296875 0.06640625
 0 0.353515625 0.5234375 0.03125 0.03515625
 0 0.431640625 0.525390625 0.046875 0.05078125
 0 0.4306640625 0.529296875 0.041015625 0.0625
 0 0.5029296875 0.5224609375 0.033203125 0.044921875
 0 0.5302734375 0.5244140625 0.037109375 0.099609375
 0 0.583984375 0.53125 0.08203125 0.12109375
 0 0.8408203125 0.5517578125 0.267578125 0.173828125