
 0 0.2177734375 0.7119140625 0.435546875 0.498046875
 0 0.0693359375 0.5791015625 0.134765625 0.146484375
 1 0.126953125 0.416015625 0.015625 0.03125
 4 0.1533203125 0.3984375 0.017578125 0.0546875
 0 0.4091796875 0.5478515625 0.080078125 0.119140625
 4 0.525390625 0.3720703125 0.01953125 0.068359375
 1 0.6044921875 0.525390625 0.017578125 0.078125
 1 0.625 0.525390625 0.01953125 0.07421875
 1 0.6689453125 0.5322265625 0.025390625 0.095703125
 0 0.78125 0.5361328125 0.20703125 0.134765625
 1 0.8330078125 0.5341796875 0.044921875 0.240234375
 1 0.8896484375 0.5263671875 0.056640625 0.244140625
 1 0.9833984375 0.5380859375 0.029296875 0.216796875