
 0 0.16015625 0.5166015625 0.15234375 0.123046875
 0 0.169921875 0.5107421875 0.12890625 0.146484375
 0 0.1767578125 0.4873046875 0.064453125 0.060546875
 0 0.330078125 0.5078125 0.1015625 0.078125
 0 0.3408203125 0.5126953125 0.103515625 0.083984375
 0 0.4306640625 0.4873046875 0.029296875 0.037109375
 0 0.525390625 0.4833984375 0.0390625 0.048828125
 4 0.572265625 0.0283203125 0.02734375 0.056640625
 4 0.5712890625 0.3583984375 0.013671875 0.048828125
 4 0.65625 0.3515625 0.015625 0.0390625
 4 0.73046875 0.40234375 0.015625 0.04296875
 4 0.7294921875 0.4052734375 0.013671875 0.025390625
 4 0.794921875 0.076171875 0.0234375 0.0859375
 1 0.8037109375 0.4765625 0.025390625 0.08984375
 1 0.8076171875 0.474609375 0.017578125 0.05859375
 1 0.9599609375 0.4873046875 0.029296875 0.154296875
 2 0.966796875 0.482421875 0.0234375 0.1015625
 1 0.9912109375 0.4814453125 0.009765625 0.083984375