
 0 0.205078125 0.5224609375 0.0625 0.048828125
 0 0.2109375 0.525390625 0.0625 0.05859375
 0 0.2802734375 0.513671875 0.033203125 0.0546875
 0 0.365234375 0.5166015625 0.0625 0.083984375
 0 0.455078125 0.544921875 0.10546875 0.12890625
 0 0.416015625 0.5048828125 0.02734375 0.052734375
 0 0.458984375 0.4453125 0.08203125 0.078125
 3 0.4560546875 0.4541015625 0.072265625 0.103515625
 4 0.4716796875 0.3876953125 0.025390625 0.044921875
 0 0.521484375 0.513671875 0.078125 0.07421875
 4 0.56640625 0.41796875 0.01953125 0.046875
 0 0.763671875 0.5087890625 0.05078125 0.048828125