
 0 0.83203125 0.640625 0.33203125 0.3515625
 3 0.1083984375 0.5498046875 0.154296875 0.177734375
 0 0.1103515625 0.5517578125 0.146484375 0.177734375
 0 0.28125 0.5390625 0.06640625 0.07421875
 0 0.279296875 0.5390625 0.0625 0.07421875
 0 0.33203125 0.5361328125 0.03515625 0.044921875
 0 0.3330078125 0.5380859375 0.029296875 0.044921875
 0 0.42578125 0.517578125 0.02734375 0.03125
 2 0.458984375 0.5224609375 0.01171875 0.048828125
 0 0.5458984375 0.55078125 0.060546875 0.109375
 0 0.6279296875 0.5703125 0.134765625 0.16015625
 0 0.6328125 0.5771484375 0.13671875 0.173828125