
 0 0.091796875 0.5419921875 0.1796875 0.259765625
 0 0.060546875 0.58984375 0.1171875 0.1796875
 0 0.88671875 0.6298828125 0.2265625 0.349609375
 0 0.0771484375 0.5830078125 0.099609375 0.134765625
 0 0.0908203125 0.5869140625 0.076171875 0.123046875
 3 0.146484375 0.5244140625 0.078125 0.236328125
 3 0.15234375 0.5390625 0.0625 0.18359375
 0 0.189453125 0.5703125 0.03515625 0.11328125
 0 0.24609375 0.5517578125 0.06640625 0.083984375
 0 0.267578125 0.552734375 0.02734375 0.06640625
 0 0.287109375 0.5625 0.03515625 0.05078125
 3 0.4130859375 0.50390625 0.126953125 0.265625
 0 0.5947265625 0.5712890625 0.185546875 0.091796875
 0 0.5927734375 0.5654296875 0.181640625 0.091796875
 1 0.70703125 0.548828125 0.01953125 0.10546875