
 0 0.0830078125 0.5634765625 0.052734375 0.048828125
 0 0.03125 0.5625 0.0625 0.09375
 0 0.1318359375 0.5498046875 0.041015625 0.033203125
 0 0.1513671875 0.548828125 0.037109375 0.03125
 3 0.17578125 0.53515625 0.03515625 0.03515625
 4 0.197265625 0.4853515625 0.01171875 0.029296875
 4 0.1982421875 0.4931640625 0.013671875 0.041015625
 0 0.2724609375 0.5341796875 0.021484375 0.029296875
 0 0.3056640625 0.537109375 0.044921875 0.0546875
 4 0.333984375 0.421875 0.01171875 0.02734375
 4 0.3349609375 0.4267578125 0.013671875 0.037109375
 0 0.34765625 0.525390625 0.01171875 0.01953125
 0 0.37890625 0.5283203125 0.04296875 0.052734375
 4 0.3896484375 0.41796875 0.009765625 0.02734375
 4 0.3916015625 0.4208984375 0.013671875 0.033203125
 0 0.4013671875 0.5185546875 0.025390625 0.033203125
 0 0.4365234375 0.5283203125 0.052734375 0.083984375
 4 0.482421875 0.46484375 0.01171875 0.03125
 4 0.484375 0.4697265625 0.01171875 0.033203125
 0 0.5576171875 0.509765625 0.056640625 0.0390625
 0 0.8544921875 0.4892578125 0.080078125 0.076171875
 0 0.8447265625 0.4765625 0.052734375 0.046875