
 2 0.7822265625 0.525390625 0.060546875 0.09765625
 0 0.12109375 0.5400390625 0.078125 0.068359375
 0 0.330078125 0.650390625 0.32421875 0.41015625
 4 0.28125 0.275390625 0.01953125 0.0546875
 4 0.390625 0.2861328125 0.015625 0.060546875
 1 0.533203125 0.515625 0.01171875 0.0546875
 1 0.548828125 0.5166015625 0.015625 0.064453125
 1 0.5625 0.5224609375 0.0234375 0.087890625
 4 0.5634765625 0.408203125 0.017578125 0.0546875
 2 0.6611328125 0.5283203125 0.037109375 0.091796875
 0 0.9189453125 0.521484375 0.154296875 0.09765625