
 0 0.0869140625 0.5791015625 0.130859375 0.181640625
 3 0.076171875 0.501953125 0.109375 0.0859375
 0 0.2841796875 0.591796875 0.330078125 0.421875
 4 0.3193359375 0.3291015625 0.017578125 0.052734375
 4 0.4150390625 0.3271484375 0.017578125 0.044921875
 0 0.4892578125 0.5205078125 0.025390625 0.044921875
 4 0.4912109375 0.326171875 0.017578125 0.05078125
 0 0.541015625 0.5322265625 0.046875 0.056640625
 0 0.6923828125 0.5634765625 0.158203125 0.173828125
 1 0.630859375 0.5185546875 0.01953125 0.056640625
 1 0.6318359375 0.513671875 0.013671875 0.0390625
 4 0.6796875 0.4169921875 0.015625 0.044921875
 3 0.8681640625 0.48046875 0.212890625 0.13671875
 0 0.951171875 0.5224609375 0.09765625 0.068359375
 4 0.9306640625 0.2470703125 0.048828125 0.154296875
 1 0.9560546875 0.5419921875 0.029296875 0.119140625