
 0 0.056640625 0.5830078125 0.11328125 0.083984375
 1 0.1162109375 0.5546875 0.009765625 0.04296875
 1 0.1279296875 0.5537109375 0.009765625 0.044921875
 1 0.140625 0.5546875 0.01171875 0.046875
 0 0.224609375 0.5634765625 0.0703125 0.091796875
 0 0.310546875 0.568359375 0.0625 0.07421875
 4 0.3623046875 0.265625 0.021484375 0.0703125
 0 0.443359375 0.529296875 0.109375 0.16796875
 4 0.49609375 0.2705078125 0.01953125 0.068359375
 4 0.763671875 0.4267578125 0.01953125 0.041015625
 2 0.787109375 0.537109375 0.02734375 0.140625
 2 0.7900390625 0.5146484375 0.017578125 0.177734375