
 3 0.1220703125 0.4970703125 0.244140625 0.302734375
 0 0.267578125 0.548828125 0.0625 0.1171875
 0 0.26953125 0.5478515625 0.06640625 0.123046875
 0 0.34765625 0.580078125 0.140625 0.16796875
 0 0.3544921875 0.58203125 0.138671875 0.15234375
 0 0.4599609375 0.5302734375 0.033203125 0.060546875
 0 0.4609375 0.53125 0.03515625 0.0625
 0 0.4951171875 0.5390625 0.029296875 0.1171875
 0 0.5615234375 0.5439453125 0.115234375 0.134765625
 1 0.64453125 0.51953125 0.01953125 0.09765625
 1 0.662109375 0.515625 0.0234375 0.08984375