
 0 0.0166015625 0.53125 0.029296875 0.046875
 4 0.0615234375 0.451171875 0.021484375 0.04296875
 4 0.0634765625 0.4638671875 0.017578125 0.048828125
 0 0.126953125 0.5224609375 0.03515625 0.044921875
 0 0.1474609375 0.517578125 0.017578125 0.046875
 0 0.171875 0.5224609375 0.03515625 0.041015625
 0 0.1943359375 0.517578125 0.021484375 0.04296875
 0 0.220703125 0.51171875 0.046875 0.0546875
 4 0.21484375 0.37109375 0.01953125 0.0546875
 0 0.4296875 0.580078125 0.37109375 0.51171875
 0 0.2666015625 0.509765625 0.037109375 0.08984375
 4 0.5888671875 0.3798828125 0.033203125 0.060546875
 0 0.66015625 0.5341796875 0.1171875 0.103515625
 0 0.9384765625 0.66796875 0.123046875 0.30859375