
 0 0.6826171875 0.4931640625 0.107421875 0.068359375
 3 0.0478515625 0.380859375 0.095703125 0.33203125
 3 0.052734375 0.3828125 0.10546875 0.296875
 0 0.0498046875 0.537109375 0.095703125 0.19140625
 0 0.1943359375 0.5283203125 0.197265625 0.216796875
 4 0.25390625 0.3349609375 0.01953125 0.048828125
 0 0.482421875 0.654296875 0.390625 0.4765625
 4 0.30859375 0.337890625 0.01953125 0.05078125
 4 0.3916015625 0.333984375 0.017578125 0.046875
 4 0.447265625 0.33984375 0.01953125 0.046875
 4 0.5712890625 0.4072265625 0.017578125 0.044921875
 0 0.81640625 0.484375 0.16015625 0.15625