
 1 0.1630859375 0.568359375 0.025390625 0.109375
 1 0.142578125 0.5869140625 0.01953125 0.095703125
 0 0.1611328125 0.537109375 0.080078125 0.0859375
 1 0.1953125 0.5673828125 0.04296875 0.146484375
 1 0.1982421875 0.55859375 0.041015625 0.16015625
 1 0.2177734375 0.5634765625 0.029296875 0.123046875
 1 0.2568359375 0.5673828125 0.037109375 0.099609375
 1 0.2607421875 0.5673828125 0.033203125 0.103515625
 1 0.3212890625 0.5712890625 0.044921875 0.080078125
 0 0.4248046875 0.51953125 0.029296875 0.0390625
 4 0.7822265625 0.17578125 0.033203125 0.06640625