
 0 0.1298828125 0.5146484375 0.052734375 0.037109375
 0 0.1376953125 0.515625 0.056640625 0.03125
 0 0.21484375 0.5126953125 0.0546875 0.060546875
 0 0.21875 0.513671875 0.046875 0.0390625
 0 0.271484375 0.5068359375 0.03515625 0.060546875
 0 0.2744140625 0.5009765625 0.029296875 0.037109375
 0 0.302734375 0.505859375 0.03515625 0.03515625
 0 0.330078125 0.4990234375 0.03125 0.044921875
 4 0.4404296875 0.4013671875 0.017578125 0.033203125
 0 0.4619140625 0.48828125 0.037109375 0.0390625
 4 0.478515625 0.4072265625 0.015625 0.029296875
 0 0.515625 0.515625 0.08203125 0.10546875
 4 0.5673828125 0.4365234375 0.013671875 0.029296875
 0 0.708984375 0.4970703125 0.12109375 0.087890625