
 3 0.05859375 0.4912109375 0.1171875 0.185546875
 0 0.1748046875 0.46875 0.119140625 0.12109375
 3 0.1845703125 0.4951171875 0.130859375 0.150390625
 0 0.2890625 0.623046875 0.26953125 0.3359375
 3 0.40234375 0.529296875 0.12890625 0.19140625
 0 0.43359375 0.5205078125 0.078125 0.259765625
 0 0.5087890625 0.537109375 0.056640625 0.08203125
 0 0.53125 0.533203125 0.02734375 0.109375
 0 0.5859375 0.529296875 0.10546875 0.15234375
 0 0.6552734375 0.5595703125 0.173828125 0.177734375
 3 0.7529296875 0.4853515625 0.107421875 0.189453125