
 0 0.1171875 0.576171875 0.203125 0.2421875
 0 0.3544921875 0.6298828125 0.267578125 0.333984375
 4 0.2763671875 0.28125 0.025390625 0.06640625
 4 0.3876953125 0.2861328125 0.025390625 0.076171875
 1 0.482421875 0.529296875 0.0234375 0.06640625
 4 0.564453125 0.416015625 0.02734375 0.078125
 1 0.5673828125 0.5263671875 0.021484375 0.080078125
 1 0.568359375 0.525390625 0.01953125 0.07421875
 1 0.583984375 0.5263671875 0.01953125 0.080078125
 1 0.603515625 0.5283203125 0.01953125 0.087890625
 1 0.61328125 0.5244140625 0.0234375 0.091796875
 2 0.6435546875 0.5283203125 0.021484375 0.087890625
 2 0.6533203125 0.525390625 0.029296875 0.1015625
 1 0.6826171875 0.5673828125 0.083984375 0.216796875
 1 0.7080078125 0.5322265625 0.025390625 0.091796875
 1 0.7978515625 0.5224609375 0.021484375 0.103515625
 0 0.9521484375 0.5283203125 0.091796875 0.083984375