
 0 0.2529296875 0.5322265625 0.095703125 0.138671875
 0 0.3134765625 0.5380859375 0.029296875 0.083984375
 0 0.3681640625 0.53125 0.048828125 0.05859375
 0 0.4287109375 0.53515625 0.033203125 0.0625
 0 0.4326171875 0.53125 0.037109375 0.06640625
 0 0.4619140625 0.5341796875 0.041015625 0.099609375
 0 0.470703125 0.5322265625 0.0390625 0.099609375
 0 0.49609375 0.548828125 0.04296875 0.14453125
 0 0.4912109375 0.546875 0.029296875 0.140625
 0 0.5224609375 0.5595703125 0.041015625 0.189453125
 0 0.6396484375 0.58203125 0.212890625 0.23046875