
 4 0.0390625 0.361328125 0.02734375 0.08203125
 1 0.138671875 0.541015625 0.0625 0.1171875
 1 0.1591796875 0.533203125 0.017578125 0.125
 1 0.201171875 0.57421875 0.0390625 0.41015625
 0 0.2236328125 0.521484375 0.013671875 0.05078125
 1 0.259765625 0.5771484375 0.0703125 0.337890625
 1 0.255859375 0.5654296875 0.05859375 0.306640625
 1 0.263671875 0.59375 0.0625 0.4296875
 0 0.310546875 0.501953125 0.0390625 0.05859375
 1 0.37109375 0.5732421875 0.11328125 0.427734375
 1 0.3671875 0.57421875 0.0703125 0.41015625
 0 0.5810546875 0.517578125 0.232421875 0.13671875
 1 0.5390625 0.580078125 0.06640625 0.40234375
 4 0.5517578125 0.34765625 0.029296875 0.08203125
 1 0.642578125 0.56640625 0.0703125 0.44140625