
 1 0.05859375 0.6416015625 0.109375 0.666015625
 1 0.3427734375 0.6240234375 0.138671875 0.529296875
 0 0.392578125 0.482421875 0.05859375 0.0703125
 0 0.4130859375 0.5087890625 0.076171875 0.068359375
 0 0.53125 0.4921875 0.046875 0.04296875
 0 0.5283203125 0.4921875 0.041015625 0.03515625
 4 0.5595703125 0.2451171875 0.021484375 0.072265625
 0 0.658203125 0.482421875 0.03515625 0.0390625
 0 0.658203125 0.4814453125 0.03515625 0.037109375
 1 0.7275390625 0.611328125 0.162109375 0.49609375
 4 0.677734375 0.25 0.02734375 0.078125
 0 0.775390625 0.5009765625 0.046875 0.060546875
 4 0.9794921875 0.3828125 0.029296875 0.06640625