
 0 0.02734375 0.5791015625 0.0546875 0.166015625
 0 0.2080078125 0.5595703125 0.076171875 0.080078125
 0 0.2158203125 0.5556640625 0.080078125 0.076171875
 0 0.3154296875 0.537109375 0.041015625 0.05078125
 0 0.4375 0.5341796875 0.04296875 0.044921875
 0 0.5 0.533203125 0.03515625 0.046875
 0 0.525390625 0.537109375 0.04296875 0.06640625
 0 0.5859375 0.5458984375 0.08984375 0.130859375
 0 0.5908203125 0.54296875 0.091796875 0.125
 0 0.6826171875 0.56640625 0.173828125 0.2109375
 0 0.6806640625 0.5576171875 0.162109375 0.201171875