
 0 0.8359375 0.7119140625 0.328125 0.576171875
 0 0.0732421875 0.5654296875 0.142578125 0.263671875
 0 0.0751953125 0.568359375 0.150390625 0.26953125
 0 0.16015625 0.533203125 0.05859375 0.0625
 0 0.2919921875 0.54296875 0.056640625 0.0625
 0 0.294921875 0.5400390625 0.04296875 0.060546875
 0 0.32421875 0.5390625 0.0234375 0.046875
 0 0.4638671875 0.525390625 0.044921875 0.05859375
 0 0.4677734375 0.525390625 0.048828125 0.0703125
 0 0.5732421875 0.5546875 0.126953125 0.2109375
 0 0.5576171875 0.5478515625 0.087890625 0.173828125
 0 0.6533203125 0.607421875 0.228515625 0.26953125
 0 0.66015625 0.607421875 0.2421875 0.26953125