
 0 0.8642578125 0.60546875 0.271484375 0.51953125
 0 0.02734375 0.5205078125 0.05078125 0.087890625
 0 0.0830078125 0.509765625 0.048828125 0.0546875
 0 0.1552734375 0.498046875 0.033203125 0.03515625
 1 0.212890625 0.4951171875 0.01171875 0.044921875
 1 0.2255859375 0.4931640625 0.013671875 0.048828125
 1 0.2431640625 0.498046875 0.009765625 0.046875
 0 0.2666015625 0.5029296875 0.037109375 0.041015625
 1 0.3369140625 0.4951171875 0.017578125 0.052734375
 0 0.357421875 0.4990234375 0.03125 0.037109375
 0 0.4248046875 0.498046875 0.138671875 0.08984375
 0 0.4287109375 0.4970703125 0.142578125 0.083984375
 0 0.6591796875 0.5693359375 0.150390625 0.248046875
 0 0.6904296875 0.5654296875 0.189453125 0.279296875