
 0 0.0830078125 0.6025390625 0.166015625 0.330078125
 0 0.3359375 0.650390625 0.31640625 0.38671875
 4 0.2763671875 0.28125 0.025390625 0.06640625
 4 0.3876953125 0.2861328125 0.025390625 0.076171875
 1 0.4853515625 0.52734375 0.025390625 0.06640625
 1 0.5654296875 0.5615234375 0.072265625 0.212890625
 4 0.564453125 0.416015625 0.02734375 0.078125
 1 0.5810546875 0.521484375 0.017578125 0.08203125
 1 0.599609375 0.525390625 0.01953125 0.0859375
 2 0.6455078125 0.5283203125 0.033203125 0.103515625
 1 0.6845703125 0.5283203125 0.021484375 0.087890625
 1 0.7041015625 0.5302734375 0.025390625 0.087890625
 1 0.7275390625 0.52734375 0.021484375 0.08984375
 1 0.7841796875 0.5185546875 0.025390625 0.107421875
 0 0.9521484375 0.5263671875 0.091796875 0.083984375