
 0 0.2177734375 0.7001953125 0.431640625 0.478515625
 1 0.126953125 0.416015625 0.015625 0.03125
 4 0.1494140625 0.3984375 0.017578125 0.0546875
 0 0.3857421875 0.5322265625 0.033203125 0.044921875
 0 0.3876953125 0.537109375 0.033203125 0.046875
 0 0.416015625 0.5224609375 0.015625 0.017578125
 0 0.4482421875 0.5302734375 0.029296875 0.033203125
 4 0.52734375 0.3720703125 0.01953125 0.068359375
 1 0.6416015625 0.52734375 0.017578125 0.07421875
 1 0.6591796875 0.5224609375 0.021484375 0.076171875
 1 0.6728515625 0.5341796875 0.025390625 0.095703125
 1 0.8369140625 0.529296875 0.044921875 0.23828125
 1 0.8935546875 0.5263671875 0.048828125 0.240234375
 1 0.978515625 0.5576171875 0.0390625 0.228515625