
 3 0.4873046875 0.4794921875 0.064453125 0.052734375
 0 0.42578125 0.486328125 0.0390625 0.05078125
 3 0.3896484375 0.47265625 0.060546875 0.078125
 4 0.265625 0.259765625 0.01953125 0.0546875
 0 0.3466796875 0.48828125 0.064453125 0.0546875
 4 0.3798828125 0.267578125 0.017578125 0.06640625
 4 0.46484375 0.28125 0.01953125 0.0625
 0 0.5732421875 0.4873046875 0.041015625 0.044921875
 0 0.576171875 0.486328125 0.04296875 0.04296875
 0 0.638671875 0.48046875 0.05078125 0.046875
 4 0.634765625 0.392578125 0.01953125 0.046875