
 4 0.08984375 0.3916015625 0.01953125 0.037109375
 0 0.1240234375 0.486328125 0.044921875 0.0390625
 4 0.1357421875 0.3896484375 0.017578125 0.033203125
 0 0.205078125 0.4775390625 0.046875 0.056640625
 0 0.2080078125 0.48046875 0.044921875 0.05078125
 4 0.19140625 0.431640625 0.01171875 0.03125
 0 0.244140625 0.4755859375 0.0546875 0.037109375
 0 0.2470703125 0.4755859375 0.048828125 0.052734375
 0 0.2880859375 0.4755859375 0.041015625 0.052734375
 0 0.2939453125 0.4814453125 0.048828125 0.048828125
 0 0.322265625 0.47265625 0.02734375 0.04296875
 0 0.3486328125 0.4755859375 0.029296875 0.056640625
 0 0.3916015625 0.4755859375 0.060546875 0.076171875
 0 0.4521484375 0.478515625 0.048828125 0.0625
 0 0.455078125 0.474609375 0.05078125 0.0703125
 0 0.4873046875 0.482421875 0.044921875 0.078125
 0 0.4951171875 0.4833984375 0.048828125 0.064453125
 0 0.53515625 0.4833984375 0.0703125 0.068359375
 0 0.5341796875 0.484375 0.044921875 0.0625
 0 0.58203125 0.494140625 0.046875 0.08984375
 0 0.66796875 0.484375 0.1328125 0.125