
 0 0.9296875 0.4951171875 0.1015625 0.052734375
 4 0.0625 0.0693359375 0.08984375 0.134765625
 0 0.1396484375 0.5234375 0.169921875 0.14453125
 0 0.365234375 0.4912109375 0.109375 0.076171875
 0 0.4931640625 0.5048828125 0.119140625 0.072265625
 4 0.5732421875 0.02734375 0.029296875 0.05078125
 4 0.5654296875 0.36328125 0.013671875 0.046875
 4 0.6533203125 0.3583984375 0.017578125 0.048828125
 4 0.7294921875 0.4189453125 0.013671875 0.048828125
 4 0.8017578125 0.076171875 0.029296875 0.09375
 0 0.8623046875 0.490234375 0.072265625 0.0546875