
 0 0.1201171875 0.541015625 0.076171875 0.08203125
 0 0.162109375 0.5439453125 0.12109375 0.119140625
 0 0.330078125 0.6533203125 0.328125 0.427734375
 4 0.2802734375 0.2783203125 0.021484375 0.068359375
 4 0.390625 0.287109375 0.0234375 0.07421875
 2 0.505859375 0.5244140625 0.02734375 0.083984375
 2 0.5087890625 0.5302734375 0.033203125 0.072265625
 1 0.52734375 0.517578125 0.015625 0.07421875
 1 0.529296875 0.517578125 0.015625 0.0625
 1 0.5439453125 0.5146484375 0.017578125 0.076171875
 1 0.5439453125 0.5185546875 0.017578125 0.060546875
 4 0.5634765625 0.4130859375 0.025390625 0.068359375
 1 0.609375 0.529296875 0.0546875 0.0859375
 1 0.619140625 0.5244140625 0.0234375 0.072265625
 2 0.6591796875 0.5244140625 0.033203125 0.087890625
 2 0.6630859375 0.52734375 0.025390625 0.08984375
 1 0.6845703125 0.5302734375 0.021484375 0.076171875
 1 0.705078125 0.525390625 0.01953125 0.08984375
 1 0.7255859375 0.5224609375 0.021484375 0.080078125
 1 0.7265625 0.5224609375 0.0234375 0.087890625