
 0 0.1953125 0.5263671875 0.12109375 0.076171875
 0 0.2724609375 0.5087890625 0.033203125 0.064453125
 0 0.4130859375 0.537109375 0.103515625 0.140625
 0 0.458984375 0.5048828125 0.03125 0.048828125
 0 0.5087890625 0.51171875 0.041015625 0.07421875
 1 0.556640625 0.5166015625 0.015625 0.087890625
 1 0.587890625 0.5263671875 0.01953125 0.087890625
 1 0.62109375 0.5126953125 0.01953125 0.056640625
 1 0.6416015625 0.5166015625 0.013671875 0.103515625
 1 0.662109375 0.51953125 0.01171875 0.09765625
 1 0.7041015625 0.51171875 0.013671875 0.08203125