
 0 0.130859375 0.5830078125 0.1875 0.201171875
 0 0.134765625 0.5908203125 0.1796875 0.177734375
 4 0.0703125 0.4638671875 0.01953125 0.041015625
 4 0.072265625 0.4765625 0.01953125 0.0546875
 0 0.23046875 0.576171875 0.07421875 0.12109375
 0 0.2470703125 0.58203125 0.056640625 0.1328125
 0 0.3330078125 0.556640625 0.029296875 0.05078125
 4 0.333984375 0.365234375 0.0234375 0.046875
 4 0.3359375 0.3681640625 0.015625 0.048828125
 4 0.4169921875 0.373046875 0.017578125 0.03125
 4 0.419921875 0.3662109375 0.01953125 0.048828125
 4 0.546875 0.4501953125 0.0234375 0.048828125
 4 0.548828125 0.4541015625 0.015625 0.033203125
 0 0.65625 0.5263671875 0.01953125 0.056640625
 0 0.7138671875 0.51953125 0.119140625 0.07421875
 0 0.71875 0.521484375 0.1171875 0.0703125
 4 0.681640625 0.369140625 0.02734375 0.08984375
 4 0.6826171875 0.388671875 0.025390625 0.0390625
 0 0.787109375 0.5185546875 0.04296875 0.064453125
 0 0.796875 0.515625 0.04296875 0.0703125
 0 0.8623046875 0.5146484375 0.072265625 0.064453125
 0 0.8837890625 0.505859375 0.111328125 0.05078125