
 0 0.2041015625 0.5537109375 0.130859375 0.119140625
 0 0.2080078125 0.548828125 0.123046875 0.1015625
 0 0.330078125 0.51953125 0.046875 0.0703125
 0 0.330078125 0.5166015625 0.0390625 0.060546875
 0 0.3642578125 0.5146484375 0.033203125 0.044921875
 0 0.3671875 0.513671875 0.03125 0.0390625
 0 0.3896484375 0.49609375 0.037109375 0.05078125
 0 0.38671875 0.4990234375 0.03125 0.041015625
 0 0.4892578125 0.4990234375 0.033203125 0.041015625
 0 0.4921875 0.49609375 0.03515625 0.046875
 0 0.65625 0.4755859375 0.08203125 0.056640625
 0 0.7548828125 0.4833984375 0.134765625 0.052734375