
 0 0.0859375 0.5517578125 0.171875 0.103515625
 1 0.05859375 0.546875 0.05859375 0.1796875
 1 0.052734375 0.5283203125 0.01953125 0.056640625
 1 0.1259765625 0.533203125 0.044921875 0.18359375
 4 0.1806640625 0.41015625 0.013671875 0.0390625
 0 0.3212890625 0.5888671875 0.181640625 0.212890625
 0 0.4072265625 0.5205078125 0.064453125 0.080078125
 0 0.404296875 0.521484375 0.046875 0.08203125
 4 0.486328125 0.3818359375 0.015625 0.052734375
 1 0.5126953125 0.53515625 0.029296875 0.16015625
 1 0.595703125 0.515625 0.015625 0.078125
 1 0.62890625 0.529296875 0.03125 0.1484375
 1 0.6455078125 0.517578125 0.033203125 0.16015625
 1 0.6494140625 0.51953125 0.037109375 0.15234375