
 0 0.880859375 0.6005859375 0.234375 0.310546875
 0 0.0537109375 0.5009765625 0.044921875 0.044921875
 0 0.0869140625 0.5009765625 0.037109375 0.037109375
 4 0.1044921875 0.376953125 0.017578125 0.05078125
 4 0.115234375 0.3896484375 0.015625 0.037109375
 4 0.1669921875 0.388671875 0.017578125 0.03515625
 4 0.1669921875 0.3896484375 0.013671875 0.037109375
 0 0.2265625 0.4814453125 0.05859375 0.068359375
 0 0.228515625 0.482421875 0.046875 0.046875
 4 0.2529296875 0.4453125 0.013671875 0.03125
 0 0.3046875 0.49609375 0.05078125 0.0703125
 0 0.33984375 0.494140625 0.0234375 0.04296875
 0 0.4921875 0.482421875 0.046875 0.0390625
 4 0.482421875 0.4140625 0.01953125 0.0390625
 4 0.482421875 0.4111328125 0.01171875 0.037109375
 0 0.5849609375 0.505859375 0.123046875 0.15625