
 0 0.123046875 0.515625 0.1015625 0.1328125
 3 0.123046875 0.515625 0.0859375 0.11328125
 3 0.181640625 0.5078125 0.046875 0.04296875
 0 0.181640625 0.505859375 0.0390625 0.046875
 0 0.2265625 0.5224609375 0.05078125 0.056640625
 0 0.23046875 0.5283203125 0.046875 0.048828125
 0 0.29296875 0.5361328125 0.078125 0.080078125
 0 0.3388671875 0.5087890625 0.033203125 0.037109375
 0 0.3828125 0.513671875 0.03125 0.05078125
 0 0.3818359375 0.5107421875 0.025390625 0.037109375
 4 0.3955078125 0.4189453125 0.013671875 0.037109375
 4 0.431640625 0.4267578125 0.01953125 0.029296875
 4 0.4912109375 0.4638671875 0.013671875 0.033203125
 4 0.5078125 0.4580078125 0.01171875 0.029296875
 0 0.548828125 0.490234375 0.0546875 0.03515625
 0 0.5849609375 0.4912109375 0.021484375 0.029296875