
 4 0.1728515625 0.375 0.041015625 0.12109375
 4 0.177734375 0.36328125 0.015625 0.0703125
 1 0.2880859375 0.451171875 0.025390625 0.046875
 1 0.33203125 0.53515625 0.01953125 0.0625
 1 0.3310546875 0.541015625 0.017578125 0.0703125
 0 0.533203125 0.5322265625 0.0625 0.076171875
 0 0.5673828125 0.5224609375 0.013671875 0.068359375
 0 0.615234375 0.509765625 0.01953125 0.03515625
 0 0.666015625 0.5146484375 0.01953125 0.037109375
 4 0.744140625 0.212890625 0.03125 0.09375
 4 0.7470703125 0.2119140625 0.021484375 0.087890625