
 0 0.1396484375 0.494140625 0.064453125 0.08984375
 0 0.1357421875 0.494140625 0.056640625 0.0625
 4 0.21875 0.4228515625 0.0234375 0.056640625
 0 0.4150390625 0.486328125 0.072265625 0.09765625
 4 0.4296875 0.3779296875 0.015625 0.037109375
 0 0.4599609375 0.490234375 0.029296875 0.0546875
 0 0.4580078125 0.4853515625 0.025390625 0.037109375
 0 0.505859375 0.5009765625 0.08203125 0.087890625
 4 0.4970703125 0.34375 0.013671875 0.05078125
 0 0.5810546875 0.4931640625 0.041015625 0.083984375
 4 0.5888671875 0.41796875 0.013671875 0.04296875
 0 0.650390625 0.5126953125 0.09765625 0.123046875
 4 0.666015625 0.400390625 0.0234375 0.05859375
 4 0.6669921875 0.3896484375 0.021484375 0.044921875
 0 0.8525390625 0.529296875 0.291015625 0.38671875