
 2 0.6650390625 0.4931640625 0.009765625 0.037109375
 4 0.072265625 0.0859375 0.109375 0.15625
 0 0.1748046875 0.5205078125 0.154296875 0.126953125
 3 0.2998046875 0.478515625 0.103515625 0.08203125
 0 0.353515625 0.505859375 0.0703125 0.078125
 0 0.3564453125 0.505859375 0.068359375 0.06640625
 0 0.4326171875 0.4931640625 0.044921875 0.041015625
 0 0.45703125 0.4951171875 0.015625 0.033203125
 0 0.4794921875 0.49609375 0.033203125 0.0390625
 0 0.4814453125 0.5009765625 0.021484375 0.033203125
 4 0.5703125 0.0302734375 0.02734375 0.056640625
 4 0.56640625 0.3603515625 0.015625 0.052734375
 4 0.65234375 0.35546875 0.015625 0.04296875
 0 0.7431640625 0.5029296875 0.087890625 0.115234375
 4 0.7265625 0.4140625 0.015625 0.046875
 0 0.794921875 0.4921875 0.0625 0.109375
 4 0.80078125 0.0751953125 0.02734375 0.091796875
 0 0.8759765625 0.5126953125 0.169921875 0.150390625
 0 0.9765625 0.5166015625 0.03515625 0.154296875