
 0 0.8720703125 0.595703125 0.255859375 0.25390625
 0 0.0517578125 0.5224609375 0.099609375 0.091796875
 0 0.197265625 0.498046875 0.10546875 0.125
 0 0.197265625 0.5048828125 0.09765625 0.107421875
 0 0.3037109375 0.50390625 0.037109375 0.046875
 0 0.306640625 0.505859375 0.03125 0.04296875
 0 0.365234375 0.5029296875 0.0859375 0.115234375
 0 0.4345703125 0.5 0.041015625 0.0625
 0 0.4892578125 0.494140625 0.021484375 0.0390625
 0 0.583984375 0.5107421875 0.0625 0.076171875
 0 0.583984375 0.5107421875 0.05078125 0.064453125
 0 0.642578125 0.5322265625 0.05078125 0.166015625
 0 0.6650390625 0.5341796875 0.095703125 0.130859375
 0 0.705078125 0.5595703125 0.0859375 0.193359375
 0 0.73828125 0.5556640625 0.1484375 0.166015625