
 1 0.0966796875 0.5146484375 0.029296875 0.076171875
 1 0.1064453125 0.4931640625 0.029296875 0.087890625
 1 0.1103515625 0.490234375 0.017578125 0.0703125
 4 0.2275390625 0.359375 0.025390625 0.05859375
 4 0.2294921875 0.361328125 0.025390625 0.07421875
 1 0.3515625 0.490234375 0.0390625 0.11328125
 1 0.5263671875 0.482421875 0.021484375 0.05859375
 1 0.5263671875 0.4853515625 0.017578125 0.052734375
 0 0.5419921875 0.4873046875 0.017578125 0.056640625
 0 0.56640625 0.48046875 0.03515625 0.046875
 0 0.564453125 0.4921875 0.03125 0.05859375
 4 0.587890625 0.3447265625 0.015625 0.068359375
 1 0.703125 0.4775390625 0.01953125 0.080078125
 1 0.708984375 0.478515625 0.0234375 0.07421875