
 0 0.8857421875 0.6416015625 0.228515625 0.419921875
 0 0.1357421875 0.5634765625 0.201171875 0.185546875
 0 0.1357421875 0.5634765625 0.166015625 0.142578125
 0 0.2578125 0.5380859375 0.0546875 0.115234375
 0 0.3291015625 0.5068359375 0.060546875 0.087890625
 0 0.4140625 0.5078125 0.05859375 0.08203125
 0 0.4169921875 0.50390625 0.052734375 0.06640625
 0 0.5498046875 0.501953125 0.029296875 0.05859375
 0 0.5810546875 0.5126953125 0.052734375 0.083984375
 0 0.6533203125 0.513671875 0.103515625 0.13671875
 0 0.732421875 0.5263671875 0.08203125 0.267578125
 0 0.8134765625 0.515625 0.232421875 0.29296875