
 0 0.1015625 0.5078125 0.0546875 0.09375
 0 0.109375 0.50390625 0.05078125 0.078125
 0 0.158203125 0.509765625 0.05078125 0.0703125
 0 0.171875 0.509765625 0.04296875 0.05859375
 0 0.3486328125 0.5 0.033203125 0.03515625
 0 0.345703125 0.4970703125 0.0234375 0.029296875
 0 0.3779296875 0.486328125 0.029296875 0.0390625
 0 0.42578125 0.490234375 0.01953125 0.03515625
 4 0.453125 0.4130859375 0.015625 0.037109375
 4 0.4541015625 0.4287109375 0.017578125 0.041015625
 4 0.5302734375 0.3759765625 0.017578125 0.037109375
 0 0.544921875 0.4921875 0.0234375 0.03125
 None 0.5625 0.419921875 0.015625 0.01953125
 4 0.564453125 0.4248046875 0.015625 0.037109375
 None 0.6328125 0.3837890625 0.01953125 0.029296875
 4 0.634765625 0.39453125 0.015625 0.046875