
 0 0.8798828125 0.5908203125 0.240234375 0.283203125
 0 0.109375 0.4609375 0.13671875 0.17578125
 3 0.1123046875 0.45703125 0.130859375 0.16796875
 0 0.244140625 0.5478515625 0.19921875 0.212890625
 4 0.28125 0.28515625 0.015625 0.0546875
 0 0.3525390625 0.4853515625 0.056640625 0.068359375
 None 0.3876953125 0.294921875 0.013671875 0.046875
 0 0.4140625 0.494140625 0.06640625 0.0625
 0 0.39453125 0.48046875 0.02734375 0.0546875
 None 0.4599609375 0.3125 0.029296875 0.05859375
 0 0.4912109375 0.48046875 0.033203125 0.04296875
 3 0.53515625 0.46484375 0.03515625 0.05859375
 None 0.607421875 0.3974609375 0.015625 0.037109375
 None 0.611328125 0.3935546875 0.015625 0.052734375
 0 0.6943359375 0.51953125 0.126953125 0.16796875
 None 0.7099609375 0.3330078125 0.025390625 0.080078125
 None 0.7099609375 0.3291015625 0.025390625 0.064453125
 0 0.802734375 0.4814453125 0.10546875 0.060546875