
 0 0.0654296875 0.564453125 0.130859375 0.140625
 3 0.111328125 0.44140625 0.12109375 0.234375
 1 0.326171875 0.51953125 0.015625 0.046875
 1 0.3408203125 0.51953125 0.013671875 0.0546875
 1 0.359375 0.517578125 0.015625 0.046875
 2 0.4423828125 0.51171875 0.017578125 0.046875
 2 0.5068359375 0.5146484375 0.021484375 0.076171875
 0 0.5341796875 0.509765625 0.041015625 0.05859375
 1 0.62109375 0.509765625 0.01171875 0.0390625
 1 0.6298828125 0.5107421875 0.009765625 0.037109375
 1 0.6630859375 0.5126953125 0.021484375 0.099609375
 0 0.8935546875 0.5146484375 0.044921875 0.041015625