
 0 0.05859375 0.5595703125 0.1171875 0.115234375
 4 0.15625 0.412109375 0.015625 0.05078125
 0 0.224609375 0.5673828125 0.10546875 0.138671875
 0 0.283203125 0.5341796875 0.03125 0.056640625
 0 0.2978515625 0.5283203125 0.017578125 0.044921875
 4 0.3291015625 0.2724609375 0.013671875 0.056640625
 0 0.388671875 0.5146484375 0.0390625 0.048828125
 4 0.4072265625 0.2822265625 0.013671875 0.052734375
 0 0.4150390625 0.5107421875 0.025390625 0.041015625
 0 0.4833984375 0.5185546875 0.080078125 0.048828125
 0 0.93359375 0.5029296875 0.12890625 0.083984375