
 4 0.0615234375 0.0703125 0.095703125 0.140625
 0 0.0771484375 0.5244140625 0.076171875 0.099609375
 0 0.0927734375 0.51953125 0.052734375 0.09765625
 0 0.2578125 0.4853515625 0.125 0.091796875
 0 0.4501953125 0.498046875 0.021484375 0.046875
 0 0.5126953125 0.509765625 0.138671875 0.0703125
 4 0.5712890625 0.0263671875 0.029296875 0.052734375
 4 0.56640625 0.3642578125 0.015625 0.048828125
 4 0.6533203125 0.357421875 0.017578125 0.0546875
 4 0.728515625 0.416015625 0.015625 0.05078125
 4 0.8017578125 0.0771484375 0.029296875 0.103515625
 0 0.841796875 0.48828125 0.05859375 0.05859375
 0 0.8623046875 0.490234375 0.072265625 0.0546875
 0 0.8935546875 0.4853515625 0.041015625 0.052734375