
 0 0.8681640625 0.67578125 0.263671875 0.6484375
 0 0.1572265625 0.5478515625 0.052734375 0.060546875
 0 0.205078125 0.544921875 0.046875 0.0546875
 1 0.20703125 0.5478515625 0.015625 0.080078125
 0 0.3623046875 0.5400390625 0.033203125 0.041015625
 0 0.384765625 0.5263671875 0.02734375 0.037109375
 0 0.494140625 0.5361328125 0.0390625 0.076171875
 0 0.53515625 0.5576171875 0.078125 0.111328125
 0 0.6025390625 0.580078125 0.111328125 0.17578125
 0 0.591796875 0.58203125 0.078125 0.15625
 0 0.6865234375 0.6103515625 0.208984375 0.244140625