
 0 0.0166015625 0.7197265625 0.033203125 0.115234375
 0 0.0439453125 0.69921875 0.033203125 0.06640625
 0 0.0634765625 0.703125 0.044921875 0.0859375
 0 0.1318359375 0.703125 0.080078125 0.078125
 0 0.1845703125 0.6953125 0.044921875 0.06640625
 0 0.1865234375 0.6943359375 0.029296875 0.068359375
 0 0.5283203125 0.68359375 0.033203125 0.05859375
 0 0.533203125 0.6865234375 0.0390625 0.048828125
 0 0.5595703125 0.6884765625 0.033203125 0.068359375
 0 0.587890625 0.7001953125 0.05859375 0.076171875
 0 0.58984375 0.697265625 0.0625 0.078125
 0 0.669921875 0.716796875 0.11328125 0.11328125
 0 0.79296875 0.7236328125 0.11328125 0.111328125
 0 0.9033203125 0.7255859375 0.126953125 0.107421875