
 0 0.0380859375 0.486328125 0.033203125 0.05078125
 4 0.076171875 0.3662109375 0.01953125 0.037109375
 4 0.078125 0.369140625 0.01953125 0.04296875
 4 0.1298828125 0.3701171875 0.017578125 0.033203125
 4 0.1337890625 0.369140625 0.013671875 0.04296875
 0 0.1640625 0.4853515625 0.03125 0.052734375
 0 0.1669921875 0.4794921875 0.029296875 0.048828125
 0 0.1943359375 0.484375 0.048828125 0.046875
 0 0.1943359375 0.4833984375 0.044921875 0.048828125
 4 0.205078125 0.4248046875 0.015625 0.029296875
 4 0.208984375 0.42578125 0.015625 0.03125
 0 0.234375 0.486328125 0.02734375 0.0625
 0 0.26953125 0.484375 0.0546875 0.06640625
 0 0.2734375 0.4765625 0.05859375 0.06640625
 0 0.33984375 0.4931640625 0.08984375 0.111328125
 0 0.400390625 0.494140625 0.05859375 0.0625
 0 0.45703125 0.5126953125 0.05078125 0.083984375
 0 0.525390625 0.5087890625 0.09375 0.134765625
 0 0.513671875 0.5029296875 0.0625 0.150390625
 0 0.5927734375 0.5283203125 0.103515625 0.189453125
 0 0.6044921875 0.5224609375 0.115234375 0.166015625
 0 0.775390625 0.5771484375 0.265625 0.259765625
 0 0.7724609375 0.5595703125 0.251953125 0.201171875