
 0 0.1748046875 0.5458984375 0.056640625 0.056640625
 0 0.240234375 0.5390625 0.03515625 0.04296875
 0 0.2783203125 0.5341796875 0.029296875 0.037109375
 0 0.30078125 0.5283203125 0.0234375 0.033203125
 4 0.3740234375 0.359375 0.013671875 0.04296875
 4 0.3740234375 0.357421875 0.013671875 0.04296875
 0 0.4091796875 0.5419921875 0.064453125 0.087890625
 4 0.451171875 0.349609375 0.01171875 0.046875
 4 0.4541015625 0.349609375 0.013671875 0.04296875
 0 0.5146484375 0.529296875 0.029296875 0.0625
 0 0.54296875 0.5322265625 0.05859375 0.068359375
 4 0.564453125 0.44140625 0.015625 0.04296875
 4 0.564453125 0.4404296875 0.015625 0.044921875
 0 0.6552734375 0.51953125 0.029296875 0.06640625
 0 0.869140625 0.5078125 0.17578125 0.10546875