
 0 0.1240234375 0.5390625 0.087890625 0.06640625
 4 0.1455078125 0.458984375 0.017578125 0.04296875
 0 0.2041015625 0.5439453125 0.064453125 0.060546875
 0 0.48046875 0.6015625 0.203125 0.2578125
 4 0.40234375 0.435546875 0.01171875 0.03515625
 1 0.6005859375 0.533203125 0.021484375 0.07421875
 1 0.6025390625 0.5283203125 0.013671875 0.060546875
 4 0.62109375 0.4306640625 0.015625 0.052734375
 0 0.7177734375 0.5830078125 0.111328125 0.251953125
 0 0.865234375 0.6220703125 0.26171875 0.607421875