
 0 0.953125 0.494140625 0.09375 0.0546875
 4 0.0634765625 0.068359375 0.083984375 0.12890625
 0 0.1884765625 0.5361328125 0.150390625 0.099609375
 0 0.2099609375 0.515625 0.068359375 0.08203125
 0 0.3017578125 0.513671875 0.091796875 0.10546875
 0 0.4638671875 0.5029296875 0.107421875 0.056640625
 0 0.4736328125 0.494140625 0.041015625 0.05078125
 4 0.5732421875 0.0283203125 0.029296875 0.052734375
 4 0.5654296875 0.36328125 0.013671875 0.046875
 0 0.595703125 0.4912109375 0.0625 0.056640625
 4 0.6533203125 0.3583984375 0.017578125 0.048828125
 4 0.6533203125 0.357421875 0.009765625 0.0390625
 4 0.7294921875 0.4189453125 0.013671875 0.048828125
 4 0.8017578125 0.076171875 0.029296875 0.09375
 0 0.8212890625 0.490234375 0.052734375 0.04296875
 0 0.8623046875 0.490234375 0.072265625 0.0546875
 0 0.9208984375 0.4873046875 0.103515625 0.056640625