
 3 0.0361328125 0.5654296875 0.072265625 0.107421875
 0 0.0322265625 0.5693359375 0.064453125 0.111328125
 3 0.0595703125 0.5537109375 0.080078125 0.095703125
 0 0.0634765625 0.546875 0.080078125 0.08203125
 3 0.13671875 0.5458984375 0.0859375 0.033203125
 0 0.134765625 0.5791015625 0.08203125 0.060546875
 0 0.2255859375 0.5947265625 0.115234375 0.123046875
 0 0.29296875 0.5810546875 0.05078125 0.083984375
 0 0.4033203125 0.552734375 0.021484375 0.02734375
 0 0.482421875 0.57421875 0.01953125 0.0703125
 0 0.5 0.5830078125 0.03515625 0.076171875
 0 0.5009765625 0.5712890625 0.037109375 0.080078125
 0 0.5390625 0.5908203125 0.08203125 0.091796875
 4 0.6650390625 0.3447265625 0.033203125 0.111328125