
 0 0.951171875 0.54296875 0.09375 0.19921875
 1 0.115234375 0.5537109375 0.0390625 0.134765625
 0 0.1318359375 0.55078125 0.033203125 0.12109375
 1 0.130859375 0.5478515625 0.015625 0.134765625
 1 0.1689453125 0.5263671875 0.025390625 0.083984375
 1 0.1689453125 0.5283203125 0.021484375 0.080078125
 1 0.2431640625 0.5302734375 0.029296875 0.119140625
 2 0.26171875 0.5224609375 0.02734375 0.072265625
 2 0.263671875 0.521484375 0.01171875 0.0625
 2 0.287109375 0.5224609375 0.01953125 0.056640625
 0 0.3486328125 0.517578125 0.044921875 0.04296875
 0 0.40625 0.5224609375 0.10546875 0.056640625
 0 0.4091796875 0.51953125 0.107421875 0.06640625
 1 0.4619140625 0.546875 0.029296875 0.109375
 1 0.4970703125 0.529296875 0.033203125 0.140625
 0 0.53515625 0.51171875 0.09765625 0.09375
 1 0.6298828125 0.609375 0.123046875 0.43359375
 1 0.6396484375 0.568359375 0.056640625 0.34375
 1 0.6396484375 0.576171875 0.044921875 0.34765625
 1 0.6982421875 0.58203125 0.095703125 0.4609375
 1 0.7958984375 0.587890625 0.087890625 0.37109375