
 0 0.150390625 0.5439453125 0.12890625 0.123046875
 1 0.2294921875 0.5859375 0.044921875 0.27734375
 1 0.2763671875 0.5859375 0.033203125 0.25
 1 0.27734375 0.58203125 0.02734375 0.24609375
 1 0.30078125 0.5732421875 0.05078125 0.244140625
 1 0.3056640625 0.580078125 0.041015625 0.23828125
 0 0.3740234375 0.5390625 0.091796875 0.1015625
 3 0.6083984375 0.490234375 0.208984375 0.14453125
 3 0.5947265625 0.4931640625 0.181640625 0.115234375
 0 0.5615234375 0.55859375 0.103515625 0.12890625
 3 0.849609375 0.4296875 0.296875 0.859375
 0 0.849609375 0.4267578125 0.296875 0.841796875