
 0 0.1259765625 0.4931640625 0.044921875 0.048828125
 0 0.21875 0.4892578125 0.0546875 0.056640625
 0 0.2236328125 0.4921875 0.056640625 0.046875
 3 0.21875 0.4833984375 0.0390625 0.056640625
 0 0.248046875 0.4970703125 0.03125 0.041015625
 0 0.2685546875 0.509765625 0.041015625 0.046875
 0 0.3583984375 0.4794921875 0.037109375 0.056640625
 4 0.412109375 0.44921875 0.015625 0.03125
 4 0.455078125 0.41015625 0.01171875 0.03515625
 0 0.498046875 0.4912109375 0.03515625 0.037109375
 0 0.498046875 0.490234375 0.03125 0.04296875
 0 0.5498046875 0.4970703125 0.044921875 0.052734375
 0 0.890625 0.4794921875 0.203125 0.111328125
 0 0.900390625 0.484375 0.19921875 0.125