
 0 0.0146484375 0.5830078125 0.029296875 0.142578125
 3 0.076171875 0.501953125 0.109375 0.0859375
 0 0.09375 0.5751953125 0.140625 0.177734375
 0 0.28515625 0.5927734375 0.32421875 0.423828125
 4 0.3173828125 0.33203125 0.017578125 0.05078125
 4 0.4150390625 0.3251953125 0.013671875 0.041015625
 4 0.4931640625 0.326171875 0.013671875 0.046875
 1 0.55078125 0.5283203125 0.015625 0.068359375
 0 0.638671875 0.537109375 0.0703125 0.06640625
 0 0.740234375 0.578125 0.203125 0.2109375
 4 0.6806640625 0.4150390625 0.013671875 0.044921875
 0 0.8623046875 0.517578125 0.123046875 0.08984375
 4 0.931640625 0.2470703125 0.0390625 0.123046875
 1 0.962890625 0.5400390625 0.03515625 0.115234375