
 0 0.0087890625 0.5908203125 0.017578125 0.189453125
 0 0.0947265625 0.58203125 0.126953125 0.171875
 3 0.08984375 0.4794921875 0.10546875 0.076171875
 0 0.2861328125 0.58984375 0.326171875 0.41796875
 4 0.31640625 0.3291015625 0.01953125 0.056640625
 4 0.4140625 0.326171875 0.01953125 0.046875
 0 0.4794921875 0.5205078125 0.037109375 0.044921875
 0 0.4794921875 0.5205078125 0.029296875 0.044921875
 4 0.4912109375 0.3271484375 0.017578125 0.056640625
 0 0.537109375 0.5283203125 0.05078125 0.064453125
 1 0.6103515625 0.5185546875 0.013671875 0.041015625
 0 0.6533203125 0.5576171875 0.080078125 0.166015625
 0 0.8134765625 0.6435546875 0.369140625 0.435546875
 4 0.6787109375 0.41796875 0.017578125 0.046875
 0 0.8759765625 0.4521484375 0.232421875 0.103515625
 3 0.9287109375 0.4658203125 0.138671875 0.111328125
 4 0.9306640625 0.2578125 0.052734375 0.15625