
 1 0.0732421875 0.55078125 0.025390625 0.09765625
 1 0.0732421875 0.548828125 0.017578125 0.0859375
 1 0.0869140625 0.53515625 0.025390625 0.0625
 0 0.1201171875 0.55859375 0.083984375 0.08984375
 1 0.08984375 0.55078125 0.015625 0.09765625
 0 0.2255859375 0.5478515625 0.091796875 0.107421875
 0 0.275390625 0.5322265625 0.03125 0.083984375
 0 0.283203125 0.529296875 0.03125 0.06640625
 0 0.3056640625 0.517578125 0.029296875 0.06640625
 0 0.4326171875 0.515625 0.044921875 0.05859375
 4 0.5830078125 0.318359375 0.029296875 0.09765625
 1 0.650390625 0.5048828125 0.03515625 0.115234375
 1 0.6513671875 0.5078125 0.033203125 0.125
 1 0.69921875 0.4990234375 0.02734375 0.123046875
 1 0.703125 0.501953125 0.03515625 0.11328125
 1 0.80078125 0.490234375 0.04296875 0.15625
 1 0.8427734375 0.494140625 0.048828125 0.15625
 1 0.8427734375 0.48046875 0.037109375 0.16796875
 1 0.876953125 0.51953125 0.03515625 0.078125