
 0 0.0439453125 0.58984375 0.087890625 0.1328125
 0 0.1220703125 0.5751953125 0.083984375 0.107421875
 0 0.123046875 0.5771484375 0.07421875 0.095703125
 0 0.28125 0.53515625 0.05859375 0.0625
 0 0.28125 0.5341796875 0.0546875 0.068359375
 0 0.3349609375 0.52734375 0.029296875 0.046875
 0 0.4296875 0.52734375 0.05078125 0.0703125
 0 0.4345703125 0.533203125 0.044921875 0.05859375
 0 0.5126953125 0.5302734375 0.044921875 0.060546875
 0 0.5791015625 0.5302734375 0.072265625 0.154296875
 0 0.70703125 0.5546875 0.19140625 0.2265625