
 0 0.046875 0.5634765625 0.09375 0.146484375
 0 0.04296875 0.55859375 0.08203125 0.11328125
 1 0.05078125 0.5615234375 0.0234375 0.111328125
 0 0.146484375 0.556640625 0.08203125 0.08203125
 0 0.1494140625 0.5546875 0.072265625 0.06640625
 0 0.203125 0.5478515625 0.03515625 0.052734375
 0 0.345703125 0.5986328125 0.1875 0.248046875
 0 0.6220703125 0.5615234375 0.072265625 0.138671875
 0 0.615234375 0.5576171875 0.05078125 0.107421875
 0 0.6845703125 0.5537109375 0.103515625 0.236328125
 0 0.669921875 0.546875 0.05078125 0.171875
 0 0.7333984375 0.6171875 0.072265625 0.1796875
 0 0.873046875 0.5888671875 0.25 0.509765625
 0 0.8779296875 0.5927734375 0.240234375 0.474609375