
 0 0.0380859375 0.5380859375 0.076171875 0.146484375
 0 0.107421875 0.525390625 0.03515625 0.04296875
 0 0.2158203125 0.515625 0.025390625 0.03125
 0 0.28515625 0.5302734375 0.08984375 0.111328125
 4 0.384765625 0.3232421875 0.0234375 0.083984375
 1 0.4169921875 0.533203125 0.033203125 0.125
 1 0.6005859375 0.53515625 0.033203125 0.14453125
 1 0.6171875 0.5400390625 0.046875 0.166015625
 1 0.669921875 0.5146484375 0.03515625 0.142578125
 0 0.9091796875 0.5419921875 0.177734375 0.134765625
 0 0.908203125 0.55078125 0.1796875 0.12890625
 1 0.9736328125 0.455078125 0.029296875 0.05859375
 1 0.9736328125 0.455078125 0.021484375 0.046875