
 0 0.1005859375 0.5517578125 0.111328125 0.087890625
 0 0.2861328125 0.5458984375 0.064453125 0.033203125
 3 0.4296875 0.5244140625 0.08984375 0.060546875
 3 0.427734375 0.5244140625 0.08203125 0.072265625
 4 0.5205078125 0.4814453125 0.013671875 0.044921875
 0 0.57421875 0.515625 0.046875 0.05859375
 0 0.6025390625 0.5244140625 0.033203125 0.037109375
 3 0.6357421875 0.50390625 0.044921875 0.078125
 0 0.64453125 0.5009765625 0.0546875 0.080078125
 1 0.7802734375 0.4912109375 0.033203125 0.115234375
 1 0.8134765625 0.4970703125 0.041015625 0.119140625