
 4 0.0458984375 0.28515625 0.072265625 0.24609375
 0 0.037109375 0.5458984375 0.07421875 0.216796875
 0 0.2353515625 0.4912109375 0.041015625 0.052734375
 0 0.298828125 0.505859375 0.1171875 0.1015625
 0 0.4404296875 0.498046875 0.091796875 0.07421875
 0 0.5302734375 0.48046875 0.037109375 0.046875
 4 0.5732421875 0.0361328125 0.021484375 0.072265625
 4 0.57421875 0.3583984375 0.015625 0.044921875
 4 0.658203125 0.3515625 0.015625 0.0390625
 4 0.7314453125 0.400390625 0.013671875 0.02734375
 4 0.7841796875 0.0927734375 0.021484375 0.060546875
 1 0.796875 0.46484375 0.0234375 0.08984375
 1 0.9521484375 0.4765625 0.029296875 0.15625
 1 0.982421875 0.4921875 0.01953125 0.1328125