
 4 0.099609375 0.458984375 0.0234375 0.0546875
 4 0.099609375 0.451171875 0.01953125 0.05078125
 0 0.2548828125 0.609375 0.294921875 0.3671875
 0 0.3916015625 0.57421875 0.130859375 0.16015625
 4 0.34765625 0.4375 0.01953125 0.0546875
 4 0.4755859375 0.369140625 0.017578125 0.0546875
 0 0.5126953125 0.548828125 0.041015625 0.05078125
 4 0.5283203125 0.44921875 0.017578125 0.05078125
 4 0.7109375 0.3232421875 0.03515625 0.111328125
 1 0.7392578125 0.541015625 0.021484375 0.0703125
 1 0.7607421875 0.5390625 0.021484375 0.06640625
 0 0.8955078125 0.5654296875 0.080078125 0.095703125
 0 0.935546875 0.578125 0.078125 0.09375