
 3 0.056640625 0.517578125 0.109375 0.11328125
 0 0.08984375 0.583984375 0.125 0.1796875
 0 0.2919921875 0.5966796875 0.314453125 0.423828125
 4 0.31640625 0.333984375 0.01953125 0.05859375
 4 0.4130859375 0.3271484375 0.025390625 0.056640625
 4 0.416015625 0.337890625 0.015625 0.0546875
 0 0.494140625 0.51171875 0.03515625 0.03125
 4 0.4912109375 0.3291015625 0.025390625 0.068359375
 4 0.4931640625 0.328125 0.017578125 0.046875
 3 0.5224609375 0.50390625 0.029296875 0.04296875
 0 0.6298828125 0.54296875 0.044921875 0.1171875
 0 0.7978515625 0.626953125 0.373046875 0.35546875
 4 0.6796875 0.427734375 0.01953125 0.0546875
 0 0.9423828125 0.5205078125 0.080078125 0.060546875
 4 0.9345703125 0.2587890625 0.052734375 0.154296875
 1 0.955078125 0.5205078125 0.0390625 0.076171875
 1 0.9560546875 0.521484375 0.025390625 0.06640625