
 4 0.0615234375 0.0712890625 0.099609375 0.142578125
 0 0.4501953125 0.50390625 0.021484375 0.046875
 0 0.474609375 0.5048828125 0.03515625 0.048828125
 0 0.556640625 0.4873046875 0.0234375 0.037109375
 4 0.564453125 0.3642578125 0.015625 0.048828125
 4 0.5703125 0.025390625 0.02734375 0.05078125
 4 0.65234375 0.359375 0.015625 0.0546875
 4 0.728515625 0.4130859375 0.01953125 0.052734375
 0 0.8193359375 0.4931640625 0.119140625 0.068359375
 4 0.8017578125 0.0791015625 0.029296875 0.111328125
 0 0.9208984375 0.4873046875 0.103515625 0.056640625
 0 0.90625 0.484375 0.06640625 0.05859375