
 1 0.0146484375 0.5595703125 0.025390625 0.115234375
 1 0.068359375 0.5703125 0.03125 0.09765625
 1 0.072265625 0.5751953125 0.02734375 0.111328125
 4 0.0849609375 0.3720703125 0.021484375 0.060546875
 4 0.083984375 0.376953125 0.015625 0.0546875
 0 0.2109375 0.5673828125 0.09375 0.103515625
 0 0.328125 0.552734375 0.078125 0.0859375
 0 0.4443359375 0.5634765625 0.099609375 0.123046875
 4 0.5615234375 0.3349609375 0.025390625 0.076171875
 2 0.625 0.580078125 0.0703125 0.30859375
 1 0.705078125 0.541015625 0.0234375 0.05859375
 1 0.755859375 0.54296875 0.03515625 0.1328125
 1 0.79296875 0.5498046875 0.04296875 0.169921875
 1 0.88671875 0.53515625 0.05078125 0.23046875
 1 0.888671875 0.5263671875 0.05078125 0.236328125
 1 0.94140625 0.5224609375 0.05078125 0.240234375