
 2 0.1845703125 0.5380859375 0.033203125 0.064453125
 0 0.2998046875 0.529296875 0.052734375 0.05078125
 0 0.298828125 0.53125 0.046875 0.0546875
 4 0.4228515625 0.3193359375 0.017578125 0.060546875
 4 0.498046875 0.3193359375 0.0234375 0.068359375
 0 0.5341796875 0.51171875 0.033203125 0.0546875
 3 0.5595703125 0.490234375 0.029296875 0.02734375
 4 0.6435546875 0.412109375 0.021484375 0.06640625
 2 0.65625 0.513671875 0.03515625 0.07421875
 0 0.8271484375 0.5205078125 0.150390625 0.099609375
 0 0.953125 0.6455078125 0.08984375 0.427734375