
 1 0.544921875 0.5234375 0.015625 0.0703125
 0 0.12109375 0.5400390625 0.078125 0.068359375
 0 0.330078125 0.65234375 0.32421875 0.41015625
 4 0.28125 0.275390625 0.01953125 0.05859375
 4 0.390625 0.287109375 0.015625 0.06640625
 1 0.5625 0.5224609375 0.0234375 0.095703125
 4 0.5625 0.4072265625 0.01953125 0.060546875
 1 0.5712890625 0.521484375 0.021484375 0.08203125
 2 0.603515625 0.5283203125 0.0625 0.099609375
 2 0.6611328125 0.5283203125 0.037109375 0.091796875
 0 0.943359375 0.515625 0.109375 0.0859375