
 0 0.248046875 0.4931640625 0.0390625 0.037109375
 0 0.287109375 0.490234375 0.015625 0.03515625
 4 0.5009765625 0.4287109375 0.017578125 0.037109375
 4 0.515625 0.4443359375 0.015625 0.037109375
 4 0.517578125 0.4482421875 0.01171875 0.021484375
 4 0.5380859375 0.435546875 0.013671875 0.03125
 4 0.5419921875 0.4443359375 0.017578125 0.029296875
 0 0.5419921875 0.4814453125 0.013671875 0.041015625
 0 0.5673828125 0.4892578125 0.033203125 0.041015625
 0 0.8251953125 0.4873046875 0.044921875 0.056640625
 0 0.826171875 0.486328125 0.03515625 0.05078125