
 0 0.0517578125 0.5771484375 0.103515625 0.177734375
 1 0.1005859375 0.52734375 0.021484375 0.03515625
 1 0.2060546875 0.5498046875 0.021484375 0.111328125
 4 0.2353515625 0.4375 0.013671875 0.046875
 1 0.2470703125 0.5439453125 0.021484375 0.111328125
 1 0.251953125 0.5419921875 0.015625 0.111328125
 1 0.26171875 0.5458984375 0.015625 0.103515625
 1 0.28125 0.5390625 0.01171875 0.08984375
 1 0.2802734375 0.5458984375 0.009765625 0.099609375
 1 0.294921875 0.5361328125 0.01953125 0.119140625
 1 0.3955078125 0.5400390625 0.017578125 0.091796875
 1 0.4130859375 0.5322265625 0.041015625 0.107421875
 1 0.4033203125 0.5341796875 0.013671875 0.103515625
 0 0.4853515625 0.521484375 0.041015625 0.0546875
 1 0.529296875 0.5224609375 0.0234375 0.103515625
 1 0.53125 0.5224609375 0.02734375 0.107421875
 4 0.533203125 0.4208984375 0.015625 0.048828125
 0 0.5634765625 0.5537109375 0.052734375 0.134765625
 0 0.646484375 0.5732421875 0.1796875 0.205078125
 0 0.84375 0.67578125 0.30859375 0.5