
 1 0.068359375 0.53125 0.015625 0.08203125
 1 0.0556640625 0.5400390625 0.009765625 0.076171875
 0 0.154296875 0.5556640625 0.1875 0.189453125
 0 0.1572265625 0.5498046875 0.189453125 0.177734375
 0 0.291015625 0.51953125 0.03125 0.0546875
 0 0.296875 0.5234375 0.03515625 0.046875
 0 0.3828125 0.5791015625 0.1953125 0.240234375
 0 0.4833984375 0.517578125 0.044921875 0.0625
 0 0.60546875 0.546875 0.125 0.14453125
 0 0.76171875 0.5068359375 0.05859375 0.064453125
 0 0.83203125 0.5078125 0.15234375 0.078125