
 0 0.1103515625 0.53125 0.080078125 0.11328125
 0 0.11328125 0.5283203125 0.078125 0.099609375
 0 0.185546875 0.515625 0.09375 0.08203125
 0 0.1845703125 0.517578125 0.091796875 0.09375
 0 0.255859375 0.50390625 0.07421875 0.10546875
 0 0.2568359375 0.5 0.068359375 0.0703125
 0 0.298828125 0.50390625 0.03515625 0.0625
 0 0.298828125 0.509765625 0.03515625 0.05859375
 0 0.30078125 0.501953125 0.03515625 0.05859375
 0 0.369140625 0.494140625 0.03125 0.04296875
 0 0.552734375 0.490234375 0.046875 0.07421875
 0 0.5830078125 0.4970703125 0.056640625 0.083984375
 0 0.6357421875 0.5078125 0.080078125 0.08203125
 0 0.88671875 0.55078125 0.21484375 0.2109375