
 0 0.0263671875 0.53515625 0.052734375 0.08984375
 0 0.1630859375 0.56640625 0.267578125 0.2421875
 0 0.33203125 0.5068359375 0.03125 0.041015625
 0 0.380859375 0.4970703125 0.03125 0.041015625
 4 0.4296875 0.4033203125 0.01953125 0.033203125
 0 0.474609375 0.498046875 0.03125 0.0390625
 4 0.4697265625 0.3984375 0.013671875 0.03125
 0 0.51953125 0.5107421875 0.078125 0.099609375
 0 0.5810546875 0.501953125 0.060546875 0.0546875
 0 0.5859375 0.4990234375 0.04296875 0.056640625
 4 0.58203125 0.4365234375 0.015625 0.029296875
 0 0.63671875 0.4990234375 0.046875 0.056640625
 0 0.826171875 0.4990234375 0.20703125 0.130859375