
 0 0.138671875 0.5517578125 0.08203125 0.068359375
 0 0.1181640625 0.556640625 0.041015625 0.05859375
 0 0.15625 0.5654296875 0.04296875 0.068359375
 0 0.1904296875 0.5712890625 0.041015625 0.072265625
 0 0.2353515625 0.5859375 0.052734375 0.0703125
 0 0.3046875 0.55859375 0.109375 0.125
 0 0.3212890625 0.583984375 0.119140625 0.109375
 0 0.345703125 0.580078125 0.1640625 0.12109375
 0 0.359375 0.59375 0.1171875 0.11328125
 0 0.443359375 0.609375 0.23046875 0.19921875
 0 0.412109375 0.5908203125 0.1484375 0.166015625
 0 0.5849609375 0.59765625 0.380859375 0.22265625
 0 0.5791015625 0.58984375 0.365234375 0.21484375