
 0 0.880859375 0.6005859375 0.23828125 0.244140625
 0 0.11328125 0.5361328125 0.06640625 0.087890625
 0 0.1181640625 0.5419921875 0.068359375 0.087890625
 0 0.1728515625 0.49609375 0.130859375 0.13671875
 3 0.173828125 0.4951171875 0.09765625 0.123046875
 0 0.2919921875 0.51953125 0.044921875 0.0546875
 0 0.3486328125 0.5087890625 0.029296875 0.037109375
 0 0.5146484375 0.51171875 0.056640625 0.0625
 0 0.5556640625 0.5244140625 0.056640625 0.103515625
 0 0.5634765625 0.5205078125 0.064453125 0.087890625
 0 0.6533203125 0.5322265625 0.166015625 0.123046875