
 0 0.9638671875 0.482421875 0.064453125 0.03515625
 0 0.2060546875 0.5224609375 0.052734375 0.033203125
 0 0.306640625 0.51953125 0.05078125 0.02734375
 0 0.3876953125 0.513671875 0.029296875 0.03515625
 4 0.4052734375 0.404296875 0.009765625 0.0234375
 0 0.4375 0.5224609375 0.04296875 0.056640625
 4 0.451171875 0.416015625 0.0078125 0.0234375
 0 0.4892578125 0.5166015625 0.029296875 0.037109375
 4 0.515625 0.4560546875 0.0078125 0.021484375
 3 0.59375 0.4921875 0.12109375 0.0703125
 4 0.5498046875 0.4375 0.009765625 0.0234375
 1 0.59765625 0.494140625 0.01171875 0.0390625