
 0 0.060546875 0.546875 0.1171875 0.16015625
 0 0.169921875 0.525390625 0.125 0.09375
 0 0.234375 0.5087890625 0.08984375 0.068359375
 0 0.2529296875 0.51171875 0.056640625 0.078125
 0 0.32421875 0.4970703125 0.0546875 0.044921875
 0 0.330078125 0.494140625 0.05859375 0.0703125
 0 0.3896484375 0.498046875 0.099609375 0.06640625
 0 0.5146484375 0.498046875 0.095703125 0.08203125
 0 0.5888671875 0.48046875 0.064453125 0.04296875
 0 0.5986328125 0.474609375 0.072265625 0.078125
 0 0.5986328125 0.517578125 0.044921875 0.13671875
 0 0.6796875 0.5244140625 0.1796875 0.205078125
 0 0.857421875 0.5703125 0.28125 0.3984375