
 0 0.056640625 0.5625 0.0546875 0.08203125
 0 0.1162109375 0.5595703125 0.087890625 0.087890625
 0 0.1943359375 0.5595703125 0.080078125 0.076171875
 3 0.2333984375 0.51171875 0.080078125 0.12109375
 4 0.248046875 0.2568359375 0.0234375 0.072265625
 4 0.251953125 0.2587890625 0.01953125 0.076171875
 0 0.3017578125 0.552734375 0.080078125 0.10546875
 0 0.404296875 0.5654296875 0.109375 0.138671875
 4 0.37890625 0.263671875 0.02734375 0.07421875
 4 0.3798828125 0.26953125 0.025390625 0.07421875
 1 0.48046875 0.5380859375 0.0234375 0.076171875
 1 0.4794921875 0.546875 0.017578125 0.0546875
 4 0.578125 0.4150390625 0.02734375 0.080078125
 1 0.6396484375 0.5478515625 0.025390625 0.103515625
 1 0.666015625 0.54296875 0.02734375 0.10546875
 1 0.6806640625 0.544921875 0.013671875 0.10546875
 1 0.693359375 0.546875 0.03125 0.10546875
 2 0.7548828125 0.548828125 0.041015625 0.1484375
 2 0.751953125 0.5439453125 0.03515625 0.134765625
 1 0.76953125 0.548828125 0.01953125 0.12109375
 1 0.796875 0.54296875 0.03125 0.13671875
 1 0.91796875 0.51953125 0.02734375 0.0703125