
 0 0.2451171875 0.5576171875 0.068359375 0.080078125
 0 0.25 0.5576171875 0.0703125 0.076171875
 0 0.29296875 0.5439453125 0.0390625 0.048828125
 0 0.3251953125 0.533203125 0.033203125 0.046875
 4 0.4580078125 0.3818359375 0.013671875 0.041015625
 4 0.4580078125 0.3798828125 0.013671875 0.029296875
 0 0.4970703125 0.53125 0.060546875 0.07421875
 0 0.49609375 0.5302734375 0.05078125 0.080078125
 4 0.5283203125 0.3935546875 0.017578125 0.037109375
 4 0.52734375 0.3974609375 0.01171875 0.033203125
 4 0.611328125 0.4580078125 0.01171875 0.029296875
 4 0.6328125 0.4443359375 0.01171875 0.033203125
 2 0.814453125 0.5390625 0.0546875 0.265625