
 0 0.861328125 0.4892578125 0.07421875 0.044921875
 1 0.1005859375 0.5625 0.201171875 0.78515625
 4 0.0634765625 0.068359375 0.080078125 0.12890625
 0 0.234375 0.52734375 0.12890625 0.1015625
 0 0.2109375 0.515625 0.06640625 0.08203125
 0 0.3203125 0.521484375 0.09375 0.10546875
 0 0.4853515625 0.490234375 0.083984375 0.05859375
 0 0.5517578125 0.4990234375 0.115234375 0.064453125
 4 0.572265625 0.0283203125 0.02734375 0.052734375
 4 0.5654296875 0.36328125 0.013671875 0.04296875
 4 0.6533203125 0.3583984375 0.017578125 0.048828125
 4 0.6533203125 0.357421875 0.009765625 0.0390625
 0 0.7431640625 0.4990234375 0.119140625 0.064453125
 4 0.7294921875 0.4189453125 0.013671875 0.048828125
 4 0.8017578125 0.0751953125 0.029296875 0.091796875
 0 0.9208984375 0.4873046875 0.103515625 0.056640625