
 1 0.9716796875 0.509765625 0.037109375 0.1015625
 1 0.1904296875 0.544921875 0.017578125 0.046875
 3 0.30859375 0.525390625 0.04296875 0.05078125
 3 0.3056640625 0.5234375 0.033203125 0.05078125
 0 0.3251953125 0.5341796875 0.044921875 0.041015625
 0 0.408203125 0.529296875 0.03515625 0.04296875
 0 0.4091796875 0.533203125 0.029296875 0.03125
 0 0.4453125 0.5380859375 0.0546875 0.052734375
 0 0.4755859375 0.525390625 0.029296875 0.05078125
 0 0.4951171875 0.5302734375 0.041015625 0.056640625
 0 0.5263671875 0.53515625 0.052734375 0.05859375