
 0 0.8505859375 0.5244140625 0.228515625 0.162109375
 0 0.921875 0.53515625 0.15625 0.140625
 0 0.0244140625 0.5654296875 0.033203125 0.056640625
 0 0.10546875 0.5810546875 0.15625 0.212890625
 0 0.345703125 0.53515625 0.04296875 0.07421875
 0 0.37890625 0.5419921875 0.03515625 0.068359375
 0 0.40625 0.537109375 0.05859375 0.07421875
 0 0.4931640625 0.53125 0.142578125 0.09375
 0 0.6220703125 0.5234375 0.068359375 0.0703125
 0 0.6728515625 0.5361328125 0.142578125 0.107421875
 0 0.7255859375 0.525390625 0.083984375 0.109375