
 4 0.0625 0.0693359375 0.0859375 0.134765625
 0 0.1123046875 0.5107421875 0.115234375 0.080078125
 0 0.2119140625 0.5224609375 0.130859375 0.126953125
 0 0.4736328125 0.494140625 0.041015625 0.05078125
 0 0.474609375 0.4951171875 0.02734375 0.037109375
 0 0.5234375 0.49609375 0.11328125 0.05859375
 0 0.5263671875 0.4990234375 0.111328125 0.052734375
 4 0.5712890625 0.02734375 0.029296875 0.05078125
 4 0.5654296875 0.36328125 0.013671875 0.046875
 0 0.5986328125 0.4931640625 0.056640625 0.041015625
 0 0.5908203125 0.49609375 0.037109375 0.05078125
 4 0.6533203125 0.3583984375 0.017578125 0.048828125
 4 0.6533203125 0.357421875 0.009765625 0.0390625
 4 0.7294921875 0.4189453125 0.013671875 0.048828125
 0 0.8466796875 0.4970703125 0.123046875 0.072265625
 4 0.8017578125 0.0751953125 0.029296875 0.091796875
 0 0.9375 0.4853515625 0.08984375 0.068359375