
 0 0.16015625 0.4990234375 0.12109375 0.072265625
 0 0.166015625 0.49609375 0.10546875 0.0546875
 0 0.4189453125 0.515625 0.076171875 0.07421875
 0 0.4541015625 0.51953125 0.041015625 0.0625
 0 0.4892578125 0.5048828125 0.044921875 0.048828125
 0 0.517578125 0.5078125 0.0234375 0.04296875
 0 0.546875 0.51171875 0.05078125 0.0625
 0 0.548828125 0.50390625 0.0390625 0.04296875
 0 0.6982421875 0.5185546875 0.048828125 0.064453125
 0 0.6904296875 0.5107421875 0.029296875 0.064453125
 0 0.7412109375 0.521484375 0.076171875 0.07421875
 0 0.7412109375 0.525390625 0.076171875 0.078125
 0 0.8759765625 0.55078125 0.201171875 0.23046875
 0 0.875 0.55078125 0.16796875 0.16015625