
 3 0.0849609375 0.482421875 0.111328125 0.07421875
 0 0.0927734375 0.5810546875 0.126953125 0.173828125
 0 0.2841796875 0.58984375 0.326171875 0.41796875
 4 0.3173828125 0.328125 0.017578125 0.0546875
 4 0.4140625 0.326171875 0.01953125 0.046875
 0 0.474609375 0.5185546875 0.04296875 0.044921875
 0 0.4755859375 0.5205078125 0.029296875 0.044921875
 4 0.4912109375 0.3271484375 0.017578125 0.056640625
 0 0.5341796875 0.53125 0.056640625 0.0703125
 1 0.6103515625 0.5185546875 0.013671875 0.041015625
 0 0.6708984375 0.5615234375 0.103515625 0.162109375
 0 0.8212890625 0.6572265625 0.353515625 0.490234375
 4 0.6787109375 0.41796875 0.017578125 0.046875
 0 0.8779296875 0.419921875 0.232421875 0.0390625
 4 0.9287109375 0.2578125 0.052734375 0.15625