
 1 0.564453125 0.5234375 0.015625 0.08203125
 1 0.5322265625 0.517578125 0.021484375 0.0703125
 1 0.5166015625 0.5234375 0.013671875 0.05859375
 0 0.12109375 0.5400390625 0.078125 0.068359375
 0 0.330078125 0.650390625 0.32421875 0.41015625
 4 0.28125 0.275390625 0.01953125 0.0546875
 4 0.390625 0.287109375 0.015625 0.0625
 4 0.5634765625 0.408203125 0.017578125 0.05859375
 0 0.65625 0.53125 0.18359375 0.09765625
 1 0.5908203125 0.501953125 0.021484375 0.05078125
 2 0.78515625 0.521484375 0.0625 0.1015625
 0 0.9541015625 0.5185546875 0.087890625 0.087890625