
 1 0.90625 0.56640625 0.05078125 0.19140625
 0 0.0849609375 0.5859375 0.111328125 0.109375
 3 0.1650390625 0.525390625 0.107421875 0.14453125
 4 0.14453125 0.1318359375 0.03515625 0.111328125
 4 0.14453125 0.126953125 0.02734375 0.09765625
 0 0.2275390625 0.5654296875 0.021484375 0.060546875
 0 0.3310546875 0.5634765625 0.056640625 0.072265625
 4 0.33984375 0.142578125 0.04296875 0.11328125
 4 0.341796875 0.14453125 0.03125 0.1015625
 0 0.3994140625 0.57421875 0.076171875 0.1015625
 1 0.4775390625 0.5498046875 0.025390625 0.068359375
 1 0.474609375 0.548828125 0.015625 0.0546875
 1 0.5927734375 0.5302734375 0.013671875 0.048828125
 4 0.63671875 0.3583984375 0.03515625 0.103515625
 1 0.7880859375 0.5732421875 0.017578125 0.142578125
 1 0.8076171875 0.56640625 0.033203125 0.1953125
 1 0.8466796875 0.5625 0.029296875 0.1875