
 4 0.0634765625 0.068359375 0.083984375 0.1328125
 0 0.111328125 0.5302734375 0.16015625 0.130859375
 0 0.2099609375 0.515625 0.068359375 0.08203125
 0 0.2216796875 0.51171875 0.080078125 0.078125
 0 0.28125 0.5205078125 0.1015625 0.103515625
 0 0.4091796875 0.4931640625 0.095703125 0.060546875
 0 0.4150390625 0.4921875 0.072265625 0.05078125
 4 0.5712890625 0.0283203125 0.029296875 0.052734375
 4 0.5654296875 0.36328125 0.013671875 0.046875
 0 0.623046875 0.490234375 0.03515625 0.0546875
 0 0.6708984375 0.4892578125 0.107421875 0.056640625
 4 0.6533203125 0.3583984375 0.017578125 0.048828125
 4 0.6533203125 0.357421875 0.009765625 0.0390625
 4 0.7294921875 0.4189453125 0.013671875 0.048828125
 4 0.8017578125 0.0751953125 0.029296875 0.091796875
 0 0.8212890625 0.490234375 0.052734375 0.04296875
 0 0.8623046875 0.4892578125 0.072265625 0.056640625
 0 0.9208984375 0.4873046875 0.103515625 0.056640625