
 0 0.0966796875 0.5283203125 0.083984375 0.068359375
 0 0.25 0.4970703125 0.08984375 0.099609375
 0 0.255859375 0.5009765625 0.08203125 0.103515625
 0 0.318359375 0.498046875 0.04296875 0.05078125
 0 0.3212890625 0.4990234375 0.037109375 0.048828125
 0 0.3583984375 0.4912109375 0.044921875 0.048828125
 0 0.361328125 0.5 0.03515625 0.04296875
 0 0.431640625 0.4921875 0.02734375 0.03125
 4 0.4462890625 0.40625 0.013671875 0.02734375
 0 0.458984375 0.4921875 0.03515625 0.046875
 4 0.4853515625 0.421875 0.013671875 0.02734375
 4 0.548828125 0.458984375 0.015625 0.0234375
 0 0.576171875 0.5078125 0.04296875 0.06640625
 0 0.5751953125 0.5068359375 0.037109375 0.056640625
 4 0.57421875 0.4521484375 0.01171875 0.025390625
 0 0.61328125 0.5146484375 0.03125 0.126953125
 0 0.6806640625 0.51171875 0.126953125 0.15625