
 0 0.0849609375 0.52734375 0.142578125 0.125
 0 0.1748046875 0.509765625 0.080078125 0.078125
 0 0.181640625 0.51953125 0.07421875 0.08984375
 0 0.2841796875 0.509765625 0.107421875 0.109375
 4 0.3251953125 0.39453125 0.013671875 0.04296875
 0 0.3623046875 0.4921875 0.025390625 0.03515625
 4 0.4052734375 0.3291015625 0.013671875 0.041015625
 0 0.43359375 0.486328125 0.02734375 0.03515625
 4 0.56640625 0.412109375 0.015625 0.046875
 4 0.568359375 0.412109375 0.01953125 0.04296875
 4 0.6728515625 0.365234375 0.017578125 0.0546875
 4 0.6748046875 0.3720703125 0.013671875 0.037109375