
 0 0.021484375 0.6015625 0.04296875 0.1796875
 0 0.89453125 0.7333984375 0.2109375 0.513671875
 0 0.1669921875 0.5791015625 0.099609375 0.099609375
 0 0.2470703125 0.560546875 0.064453125 0.07421875
 0 0.291015625 0.546875 0.04296875 0.05859375
 0 0.31640625 0.5400390625 0.02734375 0.052734375
 0 0.3203125 0.5419921875 0.0234375 0.060546875
 0 0.3388671875 0.53515625 0.033203125 0.0546875
 0 0.38671875 0.537109375 0.0390625 0.05078125
 0 0.5068359375 0.5341796875 0.021484375 0.052734375
 0 0.529296875 0.5478515625 0.05078125 0.091796875
 0 0.576171875 0.546875 0.05859375 0.2109375
 0 0.70703125 0.5859375 0.265625 0.29296875