
 0 0.0947265625 0.505859375 0.072265625 0.04296875
 0 0.17578125 0.486328125 0.01953125 0.03125
 0 0.2451171875 0.4970703125 0.029296875 0.048828125
 0 0.25 0.4755859375 0.01171875 0.025390625
 3 0.2978515625 0.5029296875 0.095703125 0.177734375
 0 0.37109375 0.4912109375 0.01953125 0.048828125
 0 0.400390625 0.51171875 0.046875 0.078125
 0 0.41015625 0.447265625 0.01953125 0.0234375
 0 0.455078125 0.5224609375 0.078125 0.115234375
 0 0.427734375 0.4462890625 0.0234375 0.025390625
 0 0.634765625 0.4736328125 0.05859375 0.052734375