
 1 0.2900390625 0.5419921875 0.013671875 0.064453125
 1 0.2744140625 0.54296875 0.017578125 0.06640625
 1 0.0185546875 0.5751953125 0.029296875 0.134765625
 1 0.1845703125 0.548828125 0.021484375 0.07421875
 1 0.1962890625 0.5498046875 0.025390625 0.060546875
 1 0.234375 0.54296875 0.01953125 0.0625
 4 0.271484375 0.4384765625 0.015625 0.041015625
 0 0.37109375 0.54296875 0.03125 0.06640625
 0 0.4345703125 0.5458984375 0.126953125 0.212890625
 0 0.6123046875 0.525390625 0.095703125 0.07421875
 4 0.5751953125 0.421875 0.021484375 0.05078125
 0 0.701171875 0.59375 0.20703125 0.24609375
 0 0.8525390625 0.69140625 0.291015625 0.57421875