
 0 0.8818359375 0.5224609375 0.095703125 0.060546875
 0 0.0185546875 0.5361328125 0.033203125 0.033203125
 0 0.1044921875 0.517578125 0.037109375 0.0390625
 0 0.1552734375 0.5185546875 0.041015625 0.048828125
 0 0.16015625 0.5146484375 0.03515625 0.052734375
 0 0.1796875 0.5166015625 0.01953125 0.037109375
 0 0.3115234375 0.5166015625 0.037109375 0.064453125
 3 0.357421875 0.5048828125 0.0703125 0.115234375
 0 0.7861328125 0.5283203125 0.111328125 0.083984375
 0 0.7900390625 0.529296875 0.103515625 0.0703125