
 0 0.9189453125 0.4873046875 0.087890625 0.044921875
 4 0.0615234375 0.0712890625 0.095703125 0.142578125
 0 0.0712890625 0.51953125 0.076171875 0.11328125
 0 0.0888671875 0.51953125 0.052734375 0.09765625
 0 0.3857421875 0.4951171875 0.123046875 0.091796875
 0 0.4501953125 0.498046875 0.021484375 0.046875
 0 0.4755859375 0.4990234375 0.033203125 0.048828125
 4 0.5712890625 0.0263671875 0.029296875 0.052734375
 4 0.56640625 0.3642578125 0.015625 0.048828125
 0 0.64453125 0.498046875 0.140625 0.0703125
 4 0.6533203125 0.357421875 0.017578125 0.0546875
 4 0.728515625 0.416015625 0.015625 0.05078125
 4 0.8017578125 0.078125 0.029296875 0.10546875
 0 0.8466796875 0.48828125 0.048828125 0.05859375
 0 0.8623046875 0.490234375 0.072265625 0.0546875