
 0 0.1201171875 0.4716796875 0.162109375 0.220703125
 0 0.2421875 0.537109375 0.19140625 0.1796875
 3 0.3525390625 0.46875 0.068359375 0.09765625
 0 0.41015625 0.494140625 0.04296875 0.06640625
 0 0.447265625 0.5 0.03125 0.04296875
 0 0.4892578125 0.50390625 0.041015625 0.046875
 0 0.810546875 0.482421875 0.046875 0.04296875
 0 0.8623046875 0.486328125 0.064453125 0.06640625
 0 0.876953125 0.494140625 0.046875 0.04296875
 0 0.896484375 0.48828125 0.078125 0.05078125
 0 0.9306640625 0.490234375 0.048828125 0.05078125