
 0 0.9599609375 0.7080078125 0.080078125 0.384765625
 0 0.2451171875 0.50390625 0.056640625 0.05859375
 0 0.24609375 0.4990234375 0.0546875 0.048828125
 0 0.294921875 0.4931640625 0.05078125 0.056640625
 0 0.2978515625 0.4931640625 0.052734375 0.048828125
 0 0.3408203125 0.4921875 0.029296875 0.046875
 0 0.4091796875 0.490234375 0.056640625 0.078125
 0 0.4365234375 0.48828125 0.037109375 0.05078125
 0 0.546875 0.494140625 0.0390625 0.046875
 0 0.587890625 0.51953125 0.03515625 0.08203125
 0 0.6357421875 0.513671875 0.080078125 0.09765625