
 0 0.05078125 0.5517578125 0.1015625 0.134765625
 0 0.3076171875 0.5966796875 0.404296875 0.529296875
 4 0.12890625 0.427734375 0.01953125 0.01953125
 4 0.359375 0.3193359375 0.01171875 0.041015625
 4 0.4541015625 0.326171875 0.017578125 0.046875
 3 0.71484375 0.4033203125 0.390625 0.560546875
 0 0.9130859375 0.6875 0.166015625 0.46484375
 3 0.9384765625 0.4365234375 0.068359375 0.048828125
 1 0.9208984375 0.4990234375 0.013671875 0.091796875
 1 0.9326171875 0.490234375 0.017578125 0.08203125
 1 0.9541015625 0.4697265625 0.017578125 0.068359375