
 0 0.1240234375 0.4931640625 0.248046875 0.677734375
 3 0.1279296875 0.484375 0.248046875 0.6171875
 0 0.330078125 0.498046875 0.05078125 0.0703125
 0 0.4951171875 0.6240234375 0.333984375 0.427734375
 4 0.3515625 0.3017578125 0.01953125 0.068359375
 4 0.474609375 0.240234375 0.0234375 0.06640625
 2 0.6533203125 0.4931640625 0.037109375 0.087890625
 4 0.6484375 0.37109375 0.01953125 0.046875
 0 0.6923828125 0.484375 0.041015625 0.0546875
 0 0.740234375 0.4892578125 0.0859375 0.056640625
 0 0.857421875 0.5908203125 0.28125 0.345703125
 0 0.765625 0.501953125 0.0703125 0.078125
 0 0.7783203125 0.505859375 0.095703125 0.06640625
 4 0.9873046875 0.2294921875 0.021484375 0.103515625