
 0 0.8857421875 0.4697265625 0.048828125 0.048828125
 0 0.27734375 0.509765625 0.05078125 0.0546875
 0 0.2822265625 0.505859375 0.048828125 0.0546875
 0 0.3544921875 0.51171875 0.103515625 0.140625
 0 0.4228515625 0.5078125 0.044921875 0.0703125
 0 0.42578125 0.5029296875 0.04296875 0.068359375
 4 0.4501953125 0.3974609375 0.013671875 0.033203125
 4 0.4501953125 0.3994140625 0.013671875 0.029296875
 4 0.5029296875 0.3828125 0.017578125 0.05078125
 4 0.5029296875 0.38671875 0.013671875 0.03125
 4 0.5810546875 0.4345703125 0.017578125 0.037109375
 4 0.5859375 0.4423828125 0.01953125 0.037109375
 4 0.6875 0.392578125 0.01953125 0.05078125
 4 0.6904296875 0.38671875 0.017578125 0.05859375