
 0 0.0263671875 0.5849609375 0.052734375 0.169921875
 2 0.0751953125 0.5615234375 0.021484375 0.091796875
 2 0.099609375 0.5546875 0.0234375 0.09765625
 2 0.1005859375 0.5537109375 0.025390625 0.091796875
 0 0.1943359375 0.5458984375 0.072265625 0.095703125
 0 0.263671875 0.537109375 0.04296875 0.05078125
 0 0.263671875 0.5400390625 0.0390625 0.044921875
 0 0.373046875 0.52734375 0.03515625 0.05078125
 0 0.400390625 0.517578125 0.0234375 0.02734375
 1 0.4912109375 0.529296875 0.017578125 0.0703125
 2 0.591796875 0.525390625 0.03125 0.1015625
 0 0.857421875 0.5361328125 0.14453125 0.060546875