
 4 0.9150390625 0.224609375 0.037109375 0.125
 0 0.9111328125 0.5673828125 0.177734375 0.357421875
 0 0.1171875 0.529296875 0.234375 0.3828125
 0 0.111328125 0.544921875 0.22265625 0.40234375
 0 0.244140625 0.51171875 0.1328125 0.15625
 0 0.25 0.51171875 0.11328125 0.19921875
 4 0.396484375 0.30859375 0.0234375 0.0390625
 4 0.3984375 0.318359375 0.01953125 0.05078125
 4 0.4755859375 0.3115234375 0.021484375 0.029296875
 4 0.4765625 0.3173828125 0.01171875 0.037109375
 4 0.5986328125 0.384765625 0.017578125 0.03515625
 4 0.603515625 0.3916015625 0.015625 0.044921875