
 0 0.0751953125 0.572265625 0.150390625 0.140625
 0 0.1669921875 0.5732421875 0.060546875 0.087890625
 0 0.2255859375 0.548828125 0.068359375 0.09375
 0 0.2666015625 0.5537109375 0.029296875 0.080078125
 0 0.2666015625 0.5478515625 0.025390625 0.060546875
 0 0.3701171875 0.5361328125 0.041015625 0.056640625
 0 0.419921875 0.53515625 0.0390625 0.0625
 0 0.494140625 0.54296875 0.02734375 0.06640625
 0 0.5263671875 0.541015625 0.068359375 0.078125
 0 0.6728515625 0.5048828125 0.068359375 0.076171875
 0 0.681640625 0.5029296875 0.06640625 0.052734375
 0 0.884765625 0.509765625 0.07421875 0.10546875
 0 0.8857421875 0.509765625 0.068359375 0.09375