
 0 0.0498046875 0.5634765625 0.099609375 0.126953125
 0 0.125 0.5625 0.07421875 0.08203125
 0 0.1318359375 0.5595703125 0.060546875 0.083984375
 0 0.1748046875 0.54296875 0.095703125 0.0703125
 0 0.185546875 0.5478515625 0.06640625 0.072265625
 1 0.1767578125 0.5380859375 0.025390625 0.083984375
 1 0.1767578125 0.5380859375 0.021484375 0.072265625
 0 0.251953125 0.5341796875 0.078125 0.048828125
 0 0.37890625 0.55078125 0.14453125 0.23046875
 0 0.5185546875 0.5224609375 0.037109375 0.056640625
 0 0.9052734375 0.59375 0.189453125 0.28515625