
 4 0.072265625 0.0859375 0.109375 0.15625
 0 0.1240234375 0.525390625 0.189453125 0.12890625
 0 0.13671875 0.5185546875 0.15234375 0.134765625
 0 0.2861328125 0.494140625 0.056640625 0.08203125
 0 0.3251953125 0.50390625 0.107421875 0.109375
 0 0.4345703125 0.4970703125 0.044921875 0.052734375
 0 0.470703125 0.494140625 0.03125 0.046875
 4 0.5703125 0.0283203125 0.02734375 0.056640625
 4 0.5673828125 0.3603515625 0.013671875 0.052734375
 4 0.65234375 0.35546875 0.015625 0.0390625
 4 0.7265625 0.4111328125 0.015625 0.044921875
 4 0.8017578125 0.07421875 0.025390625 0.08984375
 1 0.80078125 0.482421875 0.015625 0.05078125
 2 0.8310546875 0.4921875 0.021484375 0.08203125
 1 0.896484375 0.48828125 0.01953125 0.08984375
 1 0.89453125 0.4931640625 0.01171875 0.072265625
 1 0.9228515625 0.494140625 0.025390625 0.0703125
 1 0.921875 0.4853515625 0.01953125 0.060546875