
 0 0.1005859375 0.51953125 0.095703125 0.12890625
 3 0.23046875 0.466796875 0.203125 0.328125
 0 0.2412109375 0.4697265625 0.212890625 0.310546875
 0 0.4072265625 0.505859375 0.056640625 0.0703125
 0 0.4638671875 0.4833984375 0.029296875 0.044921875
 0 0.494140625 0.5068359375 0.04296875 0.064453125
 1 0.5673828125 0.4892578125 0.013671875 0.052734375
 0 0.6748046875 0.5029296875 0.068359375 0.064453125
 0 0.7236328125 0.4833984375 0.044921875 0.044921875
 0 0.8984375 0.505859375 0.11328125 0.109375