
 0 0.025390625 0.5107421875 0.05078125 0.111328125
 0 0.8798828125 0.494140625 0.240234375 0.5546875
 0 0.06640625 0.5205078125 0.04296875 0.044921875
 0 0.11328125 0.5068359375 0.046875 0.044921875
 0 0.185546875 0.5126953125 0.0390625 0.044921875
 0 0.4208984375 0.490234375 0.029296875 0.05859375
 0 0.4638671875 0.4931640625 0.029296875 0.041015625
 0 0.4912109375 0.494140625 0.037109375 0.046875
 0 0.544921875 0.5009765625 0.03125 0.041015625
 0 0.7626953125 0.509765625 0.048828125 0.0546875