
 0 0.205078125 0.640625 0.40625 0.37109375
 1 0.34375 0.4921875 0.02734375 0.0625
 1 0.404296875 0.5283203125 0.0390625 0.134765625
 0 0.4345703125 0.5205078125 0.052734375 0.064453125
 1 0.435546875 0.51953125 0.0234375 0.125
 1 0.4765625 0.5224609375 0.03515625 0.146484375
 1 0.521484375 0.5107421875 0.0234375 0.095703125
 1 0.51953125 0.5 0.015625 0.078125
 1 0.5380859375 0.5087890625 0.017578125 0.103515625
 4 0.58203125 0.3076171875 0.02734375 0.091796875
 1 0.900390625 0.4814453125 0.03515625 0.138671875
 1 0.90234375 0.478515625 0.02734375 0.14453125
 1 0.9462890625 0.4814453125 0.033203125 0.142578125
 1 0.984375 0.4814453125 0.02734375 0.158203125
 1 0.9853515625 0.4716796875 0.021484375 0.138671875