
 0 0.0400390625 0.5888671875 0.080078125 0.166015625
 0 0.103515625 0.572265625 0.09375 0.109375
 0 0.10546875 0.580078125 0.06640625 0.12109375
 2 0.1533203125 0.5703125 0.048828125 0.09765625
 0 0.333984375 0.6015625 0.2890625 0.390625
 0 0.455078125 0.544921875 0.05078125 0.16015625
 0 0.46875 0.52734375 0.01953125 0.05859375
 4 0.5302734375 0.447265625 0.017578125 0.04296875
 0 0.5517578125 0.5703125 0.041015625 0.1328125
 0 0.6044921875 0.5732421875 0.091796875 0.197265625
 0 0.7578125 0.607421875 0.33203125 0.36328125