
 0 0.0244140625 0.4677734375 0.037109375 0.052734375
 0 0.033203125 0.4716796875 0.03125 0.056640625
 0 0.0615234375 0.4736328125 0.037109375 0.041015625
 0 0.0654296875 0.4736328125 0.037109375 0.037109375
 0 0.1025390625 0.4755859375 0.056640625 0.052734375
 0 0.1025390625 0.4765625 0.052734375 0.0390625
 0 0.140625 0.4677734375 0.01953125 0.048828125
 0 0.177734375 0.4677734375 0.05859375 0.068359375
 0 0.1787109375 0.470703125 0.056640625 0.05859375
 0 0.2353515625 0.4677734375 0.044921875 0.052734375
 0 0.2373046875 0.46875 0.037109375 0.04296875
 4 0.412109375 0.3125 0.01953125 0.046875
 4 0.4130859375 0.3125 0.021484375 0.046875
 0 0.498046875 0.5107421875 0.1015625 0.126953125
 4 0.50390625 0.3115234375 0.0234375 0.044921875
 4 0.505859375 0.310546875 0.015625 0.05078125
 4 0.607421875 0.3232421875 0.01953125 0.044921875
 4 0.60546875 0.3251953125 0.015625 0.044921875
 0 0.6875 0.4912109375 0.14453125 0.154296875
 4 0.6904296875 0.3935546875 0.021484375 0.044921875
 4 0.689453125 0.3916015625 0.015625 0.048828125
 4 0.83984375 0.3125 0.01953125 0.07421875
 4 0.845703125 0.3076171875 0.01953125 0.064453125