
 0 0.0888671875 0.5546875 0.177734375 0.1171875
 4 0.1689453125 0.41015625 0.013671875 0.0390625
 0 0.29296875 0.6259765625 0.24609375 0.287109375
 1 0.275390625 0.478515625 0.04296875 0.1015625
 1 0.337890625 0.4697265625 0.0390625 0.068359375
 0 0.41015625 0.548828125 0.05859375 0.09375
 4 0.4970703125 0.3837890625 0.017578125 0.056640625
 1 0.6201171875 0.5302734375 0.021484375 0.091796875
 1 0.6201171875 0.5302734375 0.017578125 0.087890625
 1 0.7529296875 0.5400390625 0.068359375 0.212890625
 1 0.833984375 0.4814453125 0.03515625 0.056640625