
 4 0.0205078125 0.353515625 0.033203125 0.08984375
 1 0.1220703125 0.548828125 0.033203125 0.1171875
 0 0.2548828125 0.5224609375 0.150390625 0.185546875
 0 0.427734375 0.541015625 0.09765625 0.125
 4 0.5205078125 0.3115234375 0.033203125 0.091796875
 1 0.5712890625 0.501953125 0.033203125 0.10546875
 1 0.599609375 0.4814453125 0.03125 0.087890625
 1 0.59765625 0.4951171875 0.0234375 0.080078125
 1 0.66015625 0.50390625 0.02734375 0.10546875
 1 0.80859375 0.498046875 0.05078125 0.15625
 1 0.8505859375 0.482421875 0.037109375 0.1328125
 0 0.9736328125 0.5224609375 0.048828125 0.111328125