
 0 0.0205078125 0.5146484375 0.041015625 0.107421875
 0 0.0595703125 0.513671875 0.072265625 0.078125
 0 0.0673828125 0.5087890625 0.060546875 0.072265625
 0 0.123046875 0.5029296875 0.046875 0.064453125
 0 0.1748046875 0.494140625 0.056640625 0.0859375
 0 0.2705078125 0.4892578125 0.041015625 0.037109375
 0 0.3251953125 0.4912109375 0.037109375 0.041015625
 4 0.517578125 0.4091796875 0.015625 0.037109375
 4 0.537109375 0.4345703125 0.015625 0.037109375
 None 0.5390625 0.439453125 0.015625 0.01953125
 None 0.5693359375 0.423828125 0.017578125 0.02734375
 4 0.5673828125 0.42578125 0.013671875 0.04296875
 0 0.6005859375 0.4892578125 0.052734375 0.083984375
 0 0.6748046875 0.5087890625 0.087890625 0.107421875