
 1 0.5439453125 0.52734375 0.013671875 0.06640625
 0 0.0556640625 0.560546875 0.111328125 0.14453125
 0 0.12109375 0.5400390625 0.078125 0.068359375
 0 0.330078125 0.65234375 0.32421875 0.41015625
 4 0.28125 0.275390625 0.01953125 0.05859375
 4 0.390625 0.287109375 0.015625 0.06640625
 4 0.5625 0.4072265625 0.01953125 0.060546875
 1 0.564453125 0.5224609375 0.0234375 0.095703125
 1 0.5751953125 0.51953125 0.021484375 0.08203125
 2 0.65234375 0.5302734375 0.0625 0.099609375
 2 0.6611328125 0.5283203125 0.037109375 0.091796875
 0 0.9501953125 0.5185546875 0.095703125 0.087890625