
 3 0.0625 0.48046875 0.125 0.171875
 0 0.1162109375 0.5595703125 0.095703125 0.103515625
 0 0.1826171875 0.4873046875 0.138671875 0.134765625
 0 0.283203125 0.625 0.2734375 0.33203125
 0 0.3837890625 0.498046875 0.158203125 0.26171875
 0 0.43359375 0.5205078125 0.078125 0.259765625
 0 0.517578125 0.54296875 0.06640625 0.078125
 0 0.5322265625 0.533203125 0.029296875 0.109375
 0 0.58203125 0.529296875 0.09765625 0.14453125
 0 0.6533203125 0.556640625 0.169921875 0.171875
 3 0.75 0.482421875 0.109375 0.19921875
 0 0.7529296875 0.48046875 0.099609375 0.16796875