
 0 0.0888671875 0.521484375 0.099609375 0.0625
 0 0.111328125 0.47265625 0.0234375 0.03515625
 0 0.134765625 0.4931640625 0.03125 0.029296875
 0 0.1328125 0.4951171875 0.02734375 0.025390625
 3 0.220703125 0.494140625 0.1015625 0.1796875
 4 0.2841796875 0.43359375 0.013671875 0.03515625
 0 0.3369140625 0.509765625 0.048828125 0.0859375
 0 0.3515625 0.4658203125 0.02734375 0.021484375
 0 0.3515625 0.4501953125 0.01953125 0.021484375
 0 0.392578125 0.525390625 0.09375 0.140625
 0 0.419921875 0.455078125 0.0234375 0.02734375
 4 0.43359375 0.3486328125 0.015625 0.044921875
 4 0.4326171875 0.3466796875 0.013671875 0.044921875
 0 0.45703125 0.4775390625 0.03125 0.029296875
 0 0.4892578125 0.4814453125 0.029296875 0.037109375
 4 0.521484375 0.412109375 0.01171875 0.03515625
 0 0.611328125 0.486328125 0.078125 0.046875