
 0 0.025390625 0.5400390625 0.05078125 0.169921875
 0 0.140625 0.5029296875 0.13671875 0.166015625
 0 0.1953125 0.521484375 0.1015625 0.12109375
 0 0.255859375 0.505859375 0.12109375 0.14453125
 0 0.3515625 0.5068359375 0.05859375 0.072265625
 0 0.3828125 0.4912109375 0.03125 0.052734375
 0 0.4072265625 0.49609375 0.025390625 0.03515625
 3 0.4560546875 0.474609375 0.021484375 0.046875
 0 0.4736328125 0.498046875 0.037109375 0.05078125
 0 0.5458984375 0.4970703125 0.041015625 0.048828125
 0 0.73046875 0.548828125 0.203125 0.2109375