
 0 0.0234375 0.611328125 0.046875 0.1640625
 0 0.080078125 0.595703125 0.1171875 0.1171875
 0 0.1904296875 0.541015625 0.033203125 0.0546875
 0 0.2197265625 0.5390625 0.033203125 0.04296875
 1 0.23828125 0.5380859375 0.015625 0.060546875
 0 0.3427734375 0.5380859375 0.037109375 0.033203125
 0 0.359375 0.5244140625 0.0234375 0.037109375
 0 0.447265625 0.529296875 0.03515625 0.0546875
 0 0.4609375 0.544921875 0.0390625 0.0703125
 0 0.48046875 0.55859375 0.02734375 0.07421875
 0 0.505859375 0.568359375 0.05078125 0.125
 0 0.5654296875 0.564453125 0.130859375 0.17578125