
 0 0.1318359375 0.552734375 0.158203125 0.1484375
 0 0.2333984375 0.556640625 0.048828125 0.10546875
 0 0.2861328125 0.537109375 0.056640625 0.0859375
 0 0.3603515625 0.53515625 0.037109375 0.0546875
 4 0.3876953125 0.3896484375 0.017578125 0.052734375
 4 0.388671875 0.39453125 0.01171875 0.03125
 0 0.404296875 0.525390625 0.04296875 0.06640625
 0 0.4609375 0.5400390625 0.08203125 0.111328125
 4 0.4501953125 0.3984375 0.013671875 0.03515625
 4 0.5517578125 0.4619140625 0.013671875 0.029296875
 1 0.5927734375 0.5166015625 0.017578125 0.060546875
 1 0.6123046875 0.5185546875 0.013671875 0.064453125
 4 0.638671875 0.390625 0.01953125 0.0546875
 1 0.6630859375 0.5234375 0.021484375 0.08984375
 3 0.7626953125 0.4853515625 0.212890625 0.126953125