
 0 0.15234375 0.53515625 0.04296875 0.046875
 0 0.1572265625 0.53515625 0.044921875 0.04296875
 0 0.1865234375 0.5322265625 0.041015625 0.052734375
 0 0.1923828125 0.5361328125 0.048828125 0.052734375
 0 0.25390625 0.5361328125 0.0703125 0.087890625
 0 0.310546875 0.5244140625 0.0234375 0.037109375
 0 0.3330078125 0.521484375 0.021484375 0.05078125
 0 0.3798828125 0.525390625 0.037109375 0.04296875
 0 0.380859375 0.5302734375 0.02734375 0.033203125
 0 0.42578125 0.5244140625 0.04296875 0.052734375
 0 0.4990234375 0.5322265625 0.048828125 0.064453125
 0 0.529296875 0.5244140625 0.0234375 0.044921875
 0 0.56640625 0.533203125 0.046875 0.05859375
 0 0.56640625 0.5341796875 0.046875 0.048828125
 0 0.6357421875 0.544921875 0.087890625 0.09765625
 0 0.744140625 0.5693359375 0.15234375 0.154296875