
 1 0.650390625 0.51953125 0.0234375 0.08203125
 3 0.0751953125 0.5068359375 0.150390625 0.158203125
 0 0.0791015625 0.6064453125 0.158203125 0.244140625
 0 0.169921875 0.5673828125 0.0703125 0.064453125
 0 0.2177734375 0.5546875 0.048828125 0.0625
 0 0.220703125 0.5556640625 0.0390625 0.056640625
 0 0.25 0.546875 0.03125 0.0546875
 0 0.248046875 0.5498046875 0.0234375 0.048828125
 0 0.34765625 0.609375 0.2109375 0.27734375
 4 0.337890625 0.2509765625 0.0234375 0.076171875
 4 0.4658203125 0.28515625 0.021484375 0.0703125
 0 0.4912109375 0.537109375 0.037109375 0.05078125
 0 0.4912109375 0.5400390625 0.029296875 0.041015625
 4 0.6416015625 0.400390625 0.021484375 0.06640625
 0 0.8359375 0.6396484375 0.32421875 0.708984375