
 0 0.072265625 0.6220703125 0.14453125 0.361328125
 0 0.17578125 0.537109375 0.06640625 0.0703125
 0 0.333984375 0.6513671875 0.3203125 0.392578125
 4 0.2763671875 0.28125 0.025390625 0.06640625
 4 0.3876953125 0.2861328125 0.025390625 0.076171875
 1 0.50390625 0.560546875 0.05078125 0.21484375
 4 0.564453125 0.416015625 0.02734375 0.078125
 1 0.5810546875 0.521484375 0.017578125 0.08203125
 1 0.59765625 0.525390625 0.01953125 0.0859375
 2 0.6474609375 0.5263671875 0.033203125 0.091796875
 1 0.6865234375 0.5263671875 0.021484375 0.087890625
 1 0.701171875 0.5302734375 0.02734375 0.087890625
 1 0.724609375 0.5234375 0.0234375 0.08984375
 1 0.7783203125 0.5185546875 0.025390625 0.111328125
 0 0.951171875 0.525390625 0.09375 0.08203125