
 0 0.0595703125 0.5146484375 0.115234375 0.134765625
 0 0.1767578125 0.4970703125 0.087890625 0.068359375
 0 0.3310546875 0.5185546875 0.083984375 0.083984375
 0 0.4052734375 0.49609375 0.037109375 0.05078125
 0 0.451171875 0.4951171875 0.03515625 0.044921875
 4 0.5703125 0.0302734375 0.02734375 0.056640625
 4 0.5654296875 0.3603515625 0.013671875 0.052734375
 4 0.65234375 0.35546875 0.015625 0.0390625
 4 0.7255859375 0.408203125 0.013671875 0.04296875
 4 0.8017578125 0.072265625 0.025390625 0.08984375
 1 0.8681640625 0.482421875 0.021484375 0.0546875
 2 0.9638671875 0.4921875 0.033203125 0.1015625
 1 0.9921875 0.4814453125 0.01171875 0.083984375