
 0 0.103515625 0.5166015625 0.16796875 0.091796875
 4 0.248046875 0.42578125 0.015625 0.046875
 4 0.2509765625 0.427734375 0.013671875 0.04296875
 1 0.2705078125 0.505859375 0.021484375 0.06640625
 0 0.3408203125 0.4951171875 0.072265625 0.068359375
 0 0.3916015625 0.48828125 0.041015625 0.046875
 0 0.3984375 0.5078125 0.05078125 0.05859375
 0 0.3974609375 0.5068359375 0.044921875 0.044921875
 3 0.458984375 0.4638671875 0.0703125 0.119140625
 1 0.494140625 0.5244140625 0.0625 0.181640625
 1 0.55078125 0.5205078125 0.03515625 0.173828125
 4 0.5576171875 0.34765625 0.017578125 0.0546875
 1 0.587890625 0.525390625 0.0390625 0.19140625
 4 0.6171875 0.3447265625 0.01953125 0.048828125
 0 0.708984375 0.5107421875 0.09375 0.056640625
 4 0.7236328125 0.421875 0.017578125 0.0546875
 0 0.88671875 0.5078125 0.10546875 0.05078125
 1 0.8544921875 0.541015625 0.037109375 0.1796875
 4 0.875 0.23828125 0.05078125 0.125
 4 0.873046875 0.2265625 0.0390625 0.15234375