
 0 0.115234375 0.544921875 0.23046875 0.44921875
 4 0.193359375 0.408203125 0.01953125 0.03515625
 4 0.236328125 0.4111328125 0.01953125 0.033203125
 4 0.28125 0.453125 0.01171875 0.03125
 0 0.310546875 0.490234375 0.046875 0.0546875
 0 0.37109375 0.494140625 0.046875 0.05078125
 0 0.3955078125 0.490234375 0.033203125 0.05078125
 0 0.423828125 0.482421875 0.02734375 0.04296875
 0 0.4462890625 0.4873046875 0.029296875 0.056640625
 0 0.4873046875 0.4814453125 0.060546875 0.076171875
 0 0.5234375 0.490234375 0.02734375 0.05859375
 0 0.5517578125 0.4970703125 0.033203125 0.064453125
 0 0.5908203125 0.4970703125 0.048828125 0.060546875
 0 0.5859375 0.494140625 0.03125 0.05078125
 0 0.615234375 0.5 0.03515625 0.05859375
 0 0.666015625 0.5009765625 0.0859375 0.087890625