
 0 0.03125 0.6201171875 0.0625 0.107421875
 0 0.0322265625 0.6181640625 0.064453125 0.103515625
 0 0.0791015625 0.6162109375 0.048828125 0.072265625
 0 0.0830078125 0.6103515625 0.044921875 0.087890625
 0 0.1513671875 0.609375 0.076171875 0.0703125
 0 0.2001953125 0.6064453125 0.041015625 0.068359375
 0 0.2001953125 0.60546875 0.029296875 0.05859375
 0 0.5283203125 0.6015625 0.037109375 0.0546875
 0 0.5322265625 0.6005859375 0.033203125 0.044921875
 0 0.55078125 0.6005859375 0.03515625 0.068359375
 0 0.5830078125 0.607421875 0.064453125 0.0859375
 0 0.58203125 0.611328125 0.05859375 0.0703125
 0 0.6611328125 0.625 0.107421875 0.10546875
 0 0.7734375 0.6318359375 0.10546875 0.103515625
 0 0.8759765625 0.6337890625 0.111328125 0.099609375
 0 0.9638671875 0.63671875 0.068359375 0.08984375