
 1 0.5390625 0.5439453125 0.03515625 0.126953125
 1 0.5458984375 0.5380859375 0.025390625 0.134765625
 1 0.556640625 0.529296875 0.03125 0.1328125
 1 0.556640625 0.525390625 0.01953125 0.12109375
 1 0.5869140625 0.533203125 0.033203125 0.13671875
 0 0.6708984375 0.5283203125 0.107421875 0.115234375
 0 0.814453125 0.49609375 0.1171875 0.06640625
 0 0.8681640625 0.494140625 0.095703125 0.06640625
 1 0.833984375 0.517578125 0.02734375 0.09375
 0 0.9111328125 0.494140625 0.091796875 0.0703125
 0 0.9248046875 0.4912109375 0.052734375 0.076171875