
 4 0.0830078125 0.0791015625 0.166015625 0.158203125
 0 0.0830078125 0.5185546875 0.052734375 0.044921875
 0 0.0888671875 0.525390625 0.037109375 0.0546875
 0 0.09375 0.5 0.04296875 0.03125
 0 0.1708984375 0.5029296875 0.103515625 0.064453125
 0 0.271484375 0.5205078125 0.1015625 0.083984375
 0 0.3466796875 0.517578125 0.072265625 0.07421875
 0 0.416015625 0.494140625 0.02734375 0.03515625
 0 0.419921875 0.5 0.03515625 0.0390625
 0 0.4423828125 0.5009765625 0.025390625 0.048828125
 0 0.474609375 0.49609375 0.03125 0.04296875
 0 0.5380859375 0.4921875 0.017578125 0.0546875
 0 0.5595703125 0.4970703125 0.017578125 0.044921875
 4 0.568359375 0.3603515625 0.0234375 0.060546875
 0 0.5830078125 0.49609375 0.037109375 0.06640625
 4 0.65234375 0.357421875 0.015625 0.04296875
 4 0.7255859375 0.41796875 0.017578125 0.05078125
 4 0.80078125 0.0771484375 0.05078125 0.115234375
 4 0.80078125 0.076171875 0.02734375 0.09375
 0 0.8505859375 0.48828125 0.072265625 0.04296875
 0 0.8671875 0.509765625 0.07421875 0.11328125
 1 0.986328125 0.4951171875 0.0234375 0.099609375