
 0 0.1435546875 0.5283203125 0.076171875 0.044921875
 0 0.4619140625 0.5146484375 0.068359375 0.083984375
 0 0.5009765625 0.5283203125 0.021484375 0.044921875
 0 0.5205078125 0.509765625 0.021484375 0.046875
 0 0.5478515625 0.521484375 0.048828125 0.06640625
 0 0.576171875 0.51171875 0.03125 0.03515625
 0 0.578125 0.513671875 0.02734375 0.04296875
 4 0.5703125 0.4267578125 0.01171875 0.037109375
 0 0.6484375 0.5146484375 0.06640625 0.087890625
 4 0.69140625 0.4609375 0.01171875 0.03515625
 0 0.7734375 0.5 0.05859375 0.04296875