
 0 0.0283203125 0.5869140625 0.056640625 0.099609375
 0 0.02734375 0.591796875 0.0546875 0.09765625
 1 0.013671875 0.525390625 0.015625 0.078125
 1 0.013671875 0.525390625 0.015625 0.0625
 0 0.2392578125 0.6806640625 0.373046875 0.431640625
 4 0.1591796875 0.3994140625 0.013671875 0.044921875
 0 0.4365234375 0.5322265625 0.033203125 0.056640625
 4 0.5146484375 0.3681640625 0.017578125 0.056640625
 1 0.6474609375 0.53125 0.021484375 0.1015625
 1 0.646484375 0.5302734375 0.015625 0.091796875
 1 0.7265625 0.5361328125 0.03125 0.216796875
 1 0.7646484375 0.5224609375 0.068359375 0.259765625
 1 0.9169921875 0.5341796875 0.033203125 0.189453125
 1 0.9189453125 0.52734375 0.033203125 0.17578125