
 3 0.052734375 0.46484375 0.10546875 0.18359375
 0 0.08203125 0.5849609375 0.109375 0.115234375
 0 0.1728515625 0.517578125 0.150390625 0.1640625
 3 0.177734375 0.5107421875 0.140625 0.169921875
 0 0.2666015625 0.552734375 0.087890625 0.109375
 0 0.3740234375 0.578125 0.119140625 0.16015625
 3 0.4150390625 0.5390625 0.080078125 0.1328125
 0 0.4189453125 0.52734375 0.080078125 0.140625
 0 0.5126953125 0.556640625 0.060546875 0.078125
 0 0.599609375 0.546875 0.109375 0.16796875
 0 0.6982421875 0.5849609375 0.201171875 0.212890625
 0 0.7763671875 0.4892578125 0.095703125 0.185546875
 3 0.78125 0.49609375 0.1015625 0.1796875