
 0 0.1630859375 0.5302734375 0.025390625 0.029296875
 0 0.1962890625 0.5283203125 0.017578125 0.025390625
 0 0.2294921875 0.5224609375 0.021484375 0.037109375
 4 0.2275390625 0.4267578125 0.009765625 0.025390625
 0 0.1181640625 0.5322265625 0.060546875 0.041015625
 0 0.26953125 0.5205078125 0.03515625 0.044921875
 4 0.259765625 0.423828125 0.01171875 0.03125
 4 0.259765625 0.4228515625 0.01171875 0.029296875
 4 0.291015625 0.4287109375 0.01171875 0.025390625
 4 0.2900390625 0.4296875 0.009765625 0.03125
 4 0.341796875 0.462890625 0.01171875 0.03125
 0 0.3671875 0.525390625 0.05859375 0.0703125
 4 0.3916015625 0.4501953125 0.013671875 0.029296875