
 0 0.0166015625 0.53125 0.029296875 0.046875
 4 0.0625 0.4462890625 0.01953125 0.041015625
 4 0.0634765625 0.462890625 0.017578125 0.046875
 0 0.1279296875 0.5205078125 0.033203125 0.044921875
 0 0.171875 0.517578125 0.03515625 0.04296875
 0 0.220703125 0.509765625 0.046875 0.0546875
 4 0.2138671875 0.369140625 0.017578125 0.0546875
 0 0.4287109375 0.58203125 0.380859375 0.53515625
 0 0.2666015625 0.509765625 0.044921875 0.08984375
 4 0.5869140625 0.3681640625 0.033203125 0.060546875
 0 0.662109375 0.5341796875 0.11328125 0.103515625
 1 0.7373046875 0.521484375 0.056640625 0.19140625
 1 0.734375 0.525390625 0.03515625 0.14453125
 0 0.9375 0.66796875 0.125 0.30859375