
 0 0.7255859375 0.4375 0.107421875 0.1171875
 4 0.25 0.369140625 0.02734375 0.02734375
 4 0.2548828125 0.388671875 0.017578125 0.0625
 0 0.322265625 0.482421875 0.03125 0.04296875
 0 0.34375 0.484375 0.03125 0.04296875
 0 0.3486328125 0.4892578125 0.025390625 0.037109375
 0 0.41796875 0.4814453125 0.0390625 0.037109375
 0 0.4169921875 0.4833984375 0.037109375 0.037109375
 4 0.435546875 0.2666015625 0.01953125 0.029296875
 4 0.4384765625 0.283203125 0.017578125 0.05859375
 0 0.4580078125 0.474609375 0.041015625 0.0390625
 4 0.5634765625 0.3515625 0.021484375 0.0234375
 4 0.5654296875 0.3701171875 0.017578125 0.060546875
 4 0.69140625 0.2197265625 0.046875 0.123046875
 4 0.6845703125 0.1845703125 0.033203125 0.037109375