
 0 0.1259765625 0.5 0.068359375 0.05078125
 0 0.1669921875 0.4931640625 0.029296875 0.052734375
 0 0.2783203125 0.4912109375 0.134765625 0.150390625
 4 0.3095703125 0.369140625 0.021484375 0.0546875
 4 0.3134765625 0.3642578125 0.021484375 0.033203125
 0 0.3564453125 0.4970703125 0.041015625 0.091796875
 0 0.357421875 0.501953125 0.03515625 0.10546875
 4 0.3720703125 0.3671875 0.017578125 0.04296875
 4 0.37109375 0.3671875 0.015625 0.03515625
 4 0.4169921875 0.3720703125 0.017578125 0.044921875
 0 0.4580078125 0.5146484375 0.091796875 0.123046875
 4 0.419921875 0.3662109375 0.015625 0.037109375
 2 0.5341796875 0.5029296875 0.025390625 0.076171875
 2 0.5341796875 0.4892578125 0.025390625 0.087890625
 4 0.5400390625 0.431640625 0.013671875 0.03125
 4 0.5595703125 0.416015625 0.017578125 0.04296875
 4 0.5654296875 0.41796875 0.017578125 0.06640625
 0 0.83984375 0.474609375 0.046875 0.04296875
 0 0.8408203125 0.474609375 0.041015625 0.0625