
 1 0.9443359375 0.5478515625 0.021484375 0.115234375
 0 0.0224609375 0.576171875 0.033203125 0.18359375
 0 0.087890625 0.5810546875 0.12890625 0.177734375
 3 0.0830078125 0.48828125 0.111328125 0.0859375
 0 0.2841796875 0.5908203125 0.330078125 0.419921875
 4 0.3173828125 0.328125 0.017578125 0.0546875
 4 0.4140625 0.3251953125 0.01953125 0.048828125
 0 0.45703125 0.52734375 0.046875 0.0625
 0 0.4580078125 0.521484375 0.048828125 0.078125
 4 0.4921875 0.326171875 0.01953125 0.0546875
 0 0.5751953125 0.53515625 0.138671875 0.11328125
 0 0.689453125 0.5625 0.1484375 0.171875
 4 0.6787109375 0.416015625 0.017578125 0.046875
 3 0.814453125 0.4794921875 0.1171875 0.119140625
 0 0.8779296875 0.4814453125 0.232421875 0.162109375
 0 0.888671875 0.5234375 0.14453125 0.08203125
 4 0.9296875 0.2568359375 0.05078125 0.154296875