
 1 0.5849609375 0.5087890625 0.013671875 0.041015625
 1 0.63671875 0.5048828125 0.01171875 0.041015625
 0 0.091796875 0.5498046875 0.1015625 0.115234375
 4 0.0908203125 0.46484375 0.025390625 0.046875
 4 0.0888671875 0.4677734375 0.013671875 0.029296875
 0 0.1845703125 0.541015625 0.091796875 0.08984375
 4 0.328125 0.3603515625 0.015625 0.041015625
 4 0.3291015625 0.357421875 0.013671875 0.03515625
 0 0.4072265625 0.533203125 0.072265625 0.09765625
 4 0.3984375 0.3623046875 0.01171875 0.033203125
 0 0.52734375 0.5146484375 0.09765625 0.052734375
 4 0.5087890625 0.4384765625 0.013671875 0.041015625
 4 0.576171875 0.3525390625 0.0234375 0.064453125
 4 0.5751953125 0.35546875 0.013671875 0.0625
 0 0.6669921875 0.5087890625 0.068359375 0.044921875