
 0 0.1357421875 0.537109375 0.064453125 0.078125
 0 0.326171875 0.64453125 0.32421875 0.41015625
 4 0.28125 0.2734375 0.01953125 0.0546875
 4 0.28515625 0.275390625 0.01953125 0.05859375
 4 0.3916015625 0.283203125 0.013671875 0.05859375
 1 0.56640625 0.5107421875 0.02734375 0.076171875
 4 0.564453125 0.4033203125 0.015625 0.052734375
 1 0.5654296875 0.5185546875 0.017578125 0.076171875
 1 0.5830078125 0.515625 0.013671875 0.0703125
 1 0.59765625 0.5029296875 0.01953125 0.064453125
 2 0.669921875 0.5205078125 0.0390625 0.103515625
 2 0.6708984375 0.521484375 0.021484375 0.08203125
 2 0.779296875 0.51171875 0.06640625 0.09765625
 2 0.779296875 0.517578125 0.05078125 0.0859375
 0 0.8955078125 0.5126953125 0.177734375 0.087890625
 0 0.9794921875 0.5009765625 0.041015625 0.072265625