
 0 0.2421875 0.546875 0.04296875 0.046875
 0 0.34765625 0.5390625 0.0625 0.046875
 4 0.3701171875 0.43359375 0.013671875 0.03125
 0 0.4140625 0.537109375 0.03125 0.0390625
 4 0.4189453125 0.44140625 0.013671875 0.0390625
 0 0.4658203125 0.5322265625 0.037109375 0.060546875
 4 0.4619140625 0.4482421875 0.013671875 0.029296875
 0 0.5 0.5390625 0.05078125 0.0703125
 4 0.513671875 0.4814453125 0.015625 0.033203125
 4 0.603515625 0.4677734375 0.015625 0.044921875
 0 0.623046875 0.5224609375 0.04296875 0.041015625
 0 0.6943359375 0.5517578125 0.103515625 0.111328125