
 0 0.068359375 0.5087890625 0.13671875 0.158203125
 0 0.2041015625 0.4921875 0.056640625 0.07421875
 0 0.255859375 0.4853515625 0.0390625 0.037109375
 0 0.2841796875 0.4716796875 0.029296875 0.056640625
 4 0.357421875 0.2802734375 0.01953125 0.056640625
 0 0.466796875 0.5244140625 0.12890625 0.154296875
 4 0.4580078125 0.29296875 0.025390625 0.0703125
 4 0.6201171875 0.3916015625 0.017578125 0.044921875
 4 0.6240234375 0.3876953125 0.013671875 0.037109375
 4 0.70703125 0.2890625 0.01953125 0.0703125