
 0 0.0166015625 0.53125 0.029296875 0.046875
 4 0.0615234375 0.4462890625 0.021484375 0.041015625
 4 0.0634765625 0.462890625 0.017578125 0.046875
 0 0.126953125 0.5224609375 0.03515625 0.044921875
 0 0.171875 0.51953125 0.03515625 0.04296875
 0 0.220703125 0.509765625 0.046875 0.0546875
 4 0.2138671875 0.37109375 0.017578125 0.0546875
 0 0.4287109375 0.580078125 0.380859375 0.53125
 0 0.267578125 0.509765625 0.04296875 0.08984375
 4 0.5869140625 0.3701171875 0.033203125 0.060546875
 0 0.662109375 0.5341796875 0.11328125 0.103515625
 1 0.724609375 0.525390625 0.03515625 0.14453125
 1 0.7333984375 0.51953125 0.044921875 0.19140625
 0 0.9365234375 0.66796875 0.123046875 0.30859375