
 0 0.2265625 0.525390625 0.14453125 0.1171875
 0 0.2275390625 0.509765625 0.123046875 0.109375
 0 0.42578125 0.4921875 0.04296875 0.0546875
 0 0.4248046875 0.494140625 0.029296875 0.0390625
 0 0.47265625 0.4912109375 0.03515625 0.048828125
 0 0.5283203125 0.4853515625 0.044921875 0.052734375
 4 0.5703125 0.0283203125 0.02734375 0.056640625
 4 0.56640625 0.361328125 0.01171875 0.05078125
 4 0.6533203125 0.35546875 0.013671875 0.0390625
 4 0.7265625 0.40234375 0.015625 0.04296875
 4 0.7294921875 0.4052734375 0.013671875 0.025390625
 4 0.7978515625 0.07421875 0.025390625 0.08984375
 1 0.810546875 0.4755859375 0.03125 0.087890625
 1 0.810546875 0.4765625 0.01953125 0.05859375
 1 0.9736328125 0.4775390625 0.029296875 0.154296875
 2 0.9736328125 0.4921875 0.025390625 0.1015625
 1 0.9912109375 0.4814453125 0.009765625 0.083984375