
 1 0.1689453125 0.53515625 0.083984375 0.30078125
 0 0.240234375 0.5029296875 0.07421875 0.080078125
 1 0.2578125 0.544921875 0.0703125 0.25
 1 0.3154296875 0.5283203125 0.076171875 0.283203125
 3 0.384765625 0.458984375 0.09375 0.13671875
 0 0.384765625 0.4599609375 0.08203125 0.138671875
 1 0.3583984375 0.4892578125 0.017578125 0.072265625
 1 0.3603515625 0.4951171875 0.017578125 0.076171875
 1 0.38671875 0.4990234375 0.01953125 0.076171875
 1 0.419921875 0.4931640625 0.01953125 0.068359375
 1 0.4345703125 0.4970703125 0.017578125 0.068359375
 1 0.4462890625 0.5 0.021484375 0.078125
 0 0.5625 0.50390625 0.2421875 0.140625
 4 0.4970703125 0.3173828125 0.017578125 0.056640625
 4 0.5634765625 0.3212890625 0.017578125 0.056640625
 0 0.7373046875 0.4931640625 0.123046875 0.064453125
 4 0.6875 0.3974609375 0.01953125 0.060546875
 1 0.759765625 0.552734375 0.109375 0.27734375