
 0 0.9267578125 0.4736328125 0.146484375 0.169921875
 0 0.8232421875 0.4912109375 0.177734375 0.142578125
 0 0.0400390625 0.5537109375 0.080078125 0.212890625
 0 0.1640625 0.51953125 0.04296875 0.07421875
 0 0.2041015625 0.5107421875 0.037109375 0.068359375
 0 0.234375 0.513671875 0.05859375 0.07421875
 0 0.3076171875 0.5029296875 0.130859375 0.095703125
 0 0.4541015625 0.505859375 0.103515625 0.08984375
 0 0.49609375 0.49609375 0.078125 0.078125
 0 0.5849609375 0.484375 0.173828125 0.1171875
 0 0.6142578125 0.48828125 0.064453125 0.08203125
 0 0.630859375 0.48828125 0.09375 0.125
 0 0.697265625 0.4873046875 0.1484375 0.099609375
 0 0.70703125 0.4912109375 0.16015625 0.123046875