
 0 0.052734375 0.5341796875 0.10546875 0.189453125
 0 0.0908203125 0.474609375 0.107421875 0.078125
 0 0.2001953125 0.4970703125 0.107421875 0.052734375
 4 0.3212890625 0.41796875 0.017578125 0.0390625
 4 0.3193359375 0.412109375 0.013671875 0.05859375
 0 0.4228515625 0.4833984375 0.037109375 0.048828125
 0 0.5908203125 0.517578125 0.169921875 0.25
 4 0.529296875 0.337890625 0.01953125 0.03125
 4 0.5322265625 0.32421875 0.017578125 0.046875
 4 0.6220703125 0.412109375 0.017578125 0.0390625
 4 0.673828125 0.3603515625 0.02734375 0.076171875
 4 0.6728515625 0.373046875 0.017578125 0.04296875
 0 0.802734375 0.5478515625 0.203125 0.228515625