
 0 0.037109375 0.5576171875 0.07421875 0.103515625
 0 0.033203125 0.5654296875 0.06640625 0.103515625
 0 0.087890625 0.552734375 0.05078125 0.0703125
 0 0.0888671875 0.5546875 0.044921875 0.07421875
 0 0.1572265625 0.5546875 0.076171875 0.0703125
 0 0.20703125 0.5556640625 0.04296875 0.060546875
 0 0.2041015625 0.5654296875 0.025390625 0.052734375
 0 0.525390625 0.5546875 0.03515625 0.0546875
 0 0.529296875 0.5615234375 0.03125 0.044921875
 0 0.55078125 0.5517578125 0.03125 0.068359375
 0 0.5791015625 0.564453125 0.056640625 0.0703125
 0 0.583984375 0.5615234375 0.0625 0.072265625
 0 0.6533203125 0.5791015625 0.103515625 0.099609375
 0 0.7607421875 0.580078125 0.107421875 0.09375
 0 0.861328125 0.5849609375 0.11328125 0.091796875
 0 0.95703125 0.5927734375 0.08203125 0.091796875