
 0 0.046875 0.580078125 0.09375 0.16796875
 0 0.1552734375 0.5390625 0.052734375 0.05078125
 0 0.2255859375 0.5703125 0.142578125 0.15234375
 4 0.2236328125 0.396484375 0.021484375 0.0546875
 4 0.28515625 0.3544921875 0.01953125 0.060546875
 0 0.3466796875 0.53125 0.041015625 0.05859375
 0 0.388671875 0.533203125 0.06640625 0.08984375
 None 0.3681640625 0.314453125 0.021484375 0.05859375
 None 0.51953125 0.4248046875 0.01171875 0.041015625
 1 0.5322265625 0.5087890625 0.021484375 0.083984375
 0 0.62109375 0.521484375 0.09765625 0.0625
 0 0.6845703125 0.5205078125 0.083984375 0.068359375
 0 0.748046875 0.517578125 0.109375 0.0859375
 0 0.7587890625 0.5185546875 0.126953125 0.076171875
 0 0.8017578125 0.46875 0.095703125 0.0390625
 0 0.8974609375 0.490234375 0.087890625 0.0625