
 0 0.0380859375 0.6357421875 0.076171875 0.263671875
 0 0.1552734375 0.6005859375 0.162109375 0.166015625
 0 0.2373046875 0.5546875 0.060546875 0.08203125
 0 0.2353515625 0.5537109375 0.056640625 0.076171875
 0 0.2802734375 0.5517578125 0.037109375 0.048828125
 0 0.306640625 0.544921875 0.02734375 0.046875
 0 0.3232421875 0.54296875 0.025390625 0.04296875
 0 0.3974609375 0.53125 0.021484375 0.02734375
 0 0.4853515625 0.5322265625 0.041015625 0.087890625
 0 0.5009765625 0.5634765625 0.037109375 0.107421875
 0 0.546875 0.5673828125 0.0859375 0.119140625
 0 0.54296875 0.5712890625 0.07421875 0.123046875
 0 0.6279296875 0.60546875 0.162109375 0.16796875