
 1 0.46875 0.505859375 0.01171875 0.05078125
 1 0.4833984375 0.5068359375 0.013671875 0.060546875
 1 0.0751953125 0.4951171875 0.033203125 0.095703125
 1 0.0458984375 0.4970703125 0.029296875 0.087890625
 1 0.3134765625 0.513671875 0.025390625 0.08203125
 1 0.33203125 0.5068359375 0.0234375 0.087890625
 1 0.3505859375 0.5302734375 0.017578125 0.056640625
 3 0.5458984375 0.4912109375 0.099609375 0.123046875
 3 0.6416015625 0.47265625 0.068359375 0.1171875
 0 0.7099609375 0.5029296875 0.056640625 0.072265625
 2 0.7626953125 0.509765625 0.029296875 0.0859375
 1 0.9306640625 0.4755859375 0.025390625 0.056640625
 1 0.9501953125 0.4755859375 0.021484375 0.060546875