
 0 0.1015625 0.5078125 0.0546875 0.0625
 0 0.4501953125 0.509765625 0.021484375 0.046875
 0 0.4736328125 0.5087890625 0.033203125 0.048828125
 0 0.533203125 0.4892578125 0.02734375 0.037109375
 4 0.5654296875 0.3671875 0.017578125 0.05078125
 4 0.5703125 0.025390625 0.02734375 0.05078125
 4 0.6513671875 0.36328125 0.013671875 0.0546875
 4 0.728515625 0.412109375 0.01953125 0.0546875
 4 0.8046875 0.080078125 0.03125 0.1171875
 0 0.849609375 0.494140625 0.05859375 0.0546875
 0 0.9169921875 0.4931640625 0.083984375 0.064453125
 0 0.9775390625 0.4951171875 0.037109375 0.048828125