
 0 0.2939453125 0.4970703125 0.044921875 0.052734375
 0 0.2978515625 0.4970703125 0.037109375 0.044921875
 0 0.3388671875 0.4931640625 0.033203125 0.056640625
 0 0.4384765625 0.484375 0.025390625 0.0546875
 0 0.4990234375 0.501953125 0.091796875 0.1171875
 4 0.5126953125 0.2744140625 0.017578125 0.068359375
 4 0.62890625 0.3779296875 0.01953125 0.052734375
 4 0.626953125 0.3974609375 0.01171875 0.037109375
 0 0.830078125 0.4853515625 0.09375 0.083984375
 0 0.8134765625 0.498046875 0.060546875 0.078125
 0 0.9208984375 0.48046875 0.154296875 0.12890625