
 0 0.1298828125 0.580078125 0.259765625 0.27734375
 3 0.3212890625 0.4853515625 0.041015625 0.052734375
 4 0.4423828125 0.3955078125 0.017578125 0.033203125
 0 0.4765625 0.4931640625 0.03125 0.041015625
 4 0.474609375 0.3984375 0.015625 0.03125
 0 0.5224609375 0.5126953125 0.083984375 0.103515625
 0 0.5673828125 0.490234375 0.037109375 0.0546875
 0 0.5732421875 0.5 0.044921875 0.05859375
 4 0.58203125 0.4365234375 0.015625 0.029296875
 0 0.787109375 0.5029296875 0.1796875 0.111328125
 0 0.94140625 0.462890625 0.10546875 0.0859375