
 0 0.1123046875 0.5869140625 0.220703125 0.224609375
 0 0.244140625 0.517578125 0.09765625 0.06640625
 0 0.3037109375 0.5068359375 0.025390625 0.056640625
 0 0.421875 0.537109375 0.1015625 0.125
 1 0.4921875 0.513671875 0.01171875 0.078125
 1 0.5107421875 0.5166015625 0.013671875 0.072265625
 1 0.583984375 0.5107421875 0.01953125 0.056640625
 1 0.6044921875 0.505859375 0.013671875 0.08984375
 1 0.623046875 0.513671875 0.01171875 0.0859375
 1 0.6357421875 0.51171875 0.013671875 0.08203125
 0 0.8447265625 0.568359375 0.306640625 0.3515625