
 0 0.0537109375 0.5576171875 0.068359375 0.060546875
 0 0.0556640625 0.556640625 0.060546875 0.0703125
 0 0.203125 0.5400390625 0.08984375 0.072265625
 0 0.2392578125 0.53515625 0.044921875 0.05078125
 0 0.359375 0.5458984375 0.11328125 0.158203125
 4 0.3662109375 0.4453125 0.013671875 0.0390625
 4 0.3701171875 0.447265625 0.017578125 0.04296875
 0 0.42578125 0.5419921875 0.04296875 0.095703125
 4 0.45703125 0.3984375 0.01171875 0.03125
 4 0.458984375 0.4072265625 0.015625 0.048828125
 4 0.4912109375 0.4521484375 0.017578125 0.037109375
 4 0.4931640625 0.455078125 0.009765625 0.03515625
 4 0.5703125 0.4130859375 0.0234375 0.068359375
 4 0.5673828125 0.4072265625 0.013671875 0.044921875
 0 0.80859375 0.5078125 0.16796875 0.109375
 0 0.8076171875 0.5029296875 0.142578125 0.111328125
 0 0.8916015625 0.51953125 0.033203125 0.0703125