
 0 0.10546875 0.5166015625 0.16796875 0.150390625
 0 0.2001953125 0.5224609375 0.044921875 0.056640625
 0 0.2041015625 0.5234375 0.037109375 0.046875
 0 0.599609375 0.50390625 0.0625 0.05078125
 0 0.6376953125 0.4990234375 0.021484375 0.044921875
 0 0.669921875 0.501953125 0.0625 0.04296875
 0 0.6708984375 0.501953125 0.052734375 0.05078125
 0 0.8037109375 0.50390625 0.083984375 0.07421875
 0 0.8037109375 0.5048828125 0.083984375 0.068359375
 0 0.8876953125 0.498046875 0.080078125 0.0625
 0 0.8896484375 0.4990234375 0.083984375 0.072265625