
 0 0.0693359375 0.6171875 0.138671875 0.39453125
 1 0.173828125 0.537109375 0.01171875 0.0390625
 0 0.3056640625 0.5498046875 0.087890625 0.095703125
 0 0.3544921875 0.5244140625 0.041015625 0.072265625
 0 0.353515625 0.5341796875 0.02734375 0.080078125
 0 0.4130859375 0.5458984375 0.107421875 0.150390625
 4 0.435546875 0.3984375 0.01171875 0.03515625
 4 0.4365234375 0.3994140625 0.013671875 0.029296875
 0 0.466796875 0.529296875 0.02734375 0.06640625
 4 0.5390625 0.4521484375 0.0078125 0.029296875
 1 0.6240234375 0.5107421875 0.017578125 0.056640625
 1 0.6259765625 0.509765625 0.009765625 0.05859375