
 None 0.44921875 0.3974609375 0.01953125 0.033203125
 0 0.49609375 0.494140625 0.05078125 0.06640625
 0 0.546875 0.4833984375 0.046875 0.048828125
 0 0.548828125 0.4794921875 0.04296875 0.060546875
 0 0.6396484375 0.4755859375 0.060546875 0.029296875
 0 0.677734375 0.484375 0.04296875 0.03515625
 0 0.716796875 0.4873046875 0.0234375 0.033203125
 0 0.7431640625 0.48828125 0.029296875 0.03125
 0 0.7646484375 0.4921875 0.025390625 0.03515625
 0 0.7919921875 0.4921875 0.037109375 0.03515625
 0 0.845703125 0.48828125 0.03125 0.03515625