
 0 0.0361328125 0.568359375 0.072265625 0.17578125
 1 0.11328125 0.5361328125 0.01171875 0.068359375
 1 0.1259765625 0.5224609375 0.025390625 0.068359375
 1 0.1259765625 0.529296875 0.013671875 0.08203125
 4 0.3076171875 0.45703125 0.021484375 0.05078125
 4 0.3115234375 0.4599609375 0.013671875 0.044921875
 0 0.5458984375 0.537109375 0.083984375 0.109375
 4 0.5546875 0.4404296875 0.01953125 0.041015625
 4 0.5537109375 0.443359375 0.009765625 0.03515625
 4 0.6630859375 0.443359375 0.009765625 0.03515625
 0 0.88671875 0.5732421875 0.18359375 0.173828125