
 0 0.0791015625 0.568359375 0.087890625 0.06640625
 0 0.07421875 0.5703125 0.07421875 0.0703125
 0 0.140625 0.55859375 0.0625 0.0546875
 0 0.1484375 0.5546875 0.0546875 0.0703125
 0 0.224609375 0.55859375 0.0703125 0.0859375
 0 0.3203125 0.533203125 0.04296875 0.0546875
 0 0.3212890625 0.5322265625 0.041015625 0.060546875
 0 0.44921875 0.5927734375 0.24609375 0.294921875
 4 0.4462890625 0.431640625 0.009765625 0.03515625
 0 0.62109375 0.4912109375 0.04296875 0.041015625
 1 0.685546875 0.5234375 0.0234375 0.1015625
 1 0.6845703125 0.5185546875 0.009765625 0.095703125