
 0 0.03125 0.509765625 0.0546875 0.0703125
 0 0.072265625 0.5048828125 0.0390625 0.052734375
 0 0.0791015625 0.50390625 0.044921875 0.0546875
 0 0.1328125 0.501953125 0.0859375 0.08203125
 0 0.2373046875 0.5 0.041015625 0.0390625
 0 0.2373046875 0.505859375 0.041015625 0.046875
 0 0.3486328125 0.501953125 0.033203125 0.04296875
 4 0.375 0.2734375 0.0390625 0.109375
 0 0.498046875 0.5625 0.16796875 0.2109375
 4 0.5224609375 0.2568359375 0.033203125 0.091796875
 0 0.595703125 0.478515625 0.0234375 0.046875
 0 0.6005859375 0.4775390625 0.029296875 0.041015625
 3 0.62890625 0.46875 0.0625 0.04296875
 0 0.7998046875 0.5595703125 0.326171875 0.283203125
 4 0.673828125 0.296875 0.03125 0.09765625
 4 0.8056640625 0.3876953125 0.029296875 0.095703125
 0 0.9638671875 0.4853515625 0.064453125 0.064453125