
 3 0.0380859375 0.4853515625 0.076171875 0.091796875
 0 0.0908203125 0.501953125 0.060546875 0.0390625
 0 0.146484375 0.5078125 0.0703125 0.05859375
 0 0.2314453125 0.4970703125 0.052734375 0.048828125
 0 0.228515625 0.494140625 0.03515625 0.046875
 0 0.33203125 0.494140625 0.03515625 0.03515625
 0 0.337890625 0.490234375 0.03515625 0.046875
 0 0.408203125 0.4873046875 0.0390625 0.048828125
 4 0.470703125 0.3974609375 0.01171875 0.033203125
 0 0.5078125 0.509765625 0.07421875 0.09765625
 4 0.51171875 0.3955078125 0.015625 0.033203125
 4 0.595703125 0.443359375 0.015625 0.03125
 4 0.6279296875 0.43359375 0.013671875 0.0390625
 0 0.6591796875 0.490234375 0.072265625 0.08203125
 0 0.6572265625 0.4931640625 0.060546875 0.083984375
 3 0.787109375 0.474609375 0.1953125 0.21875
 0 0.84375 0.5009765625 0.3046875 0.271484375