
 4 0.0615234375 0.0703125 0.091796875 0.13671875
 0 0.11328125 0.52734375 0.12109375 0.11328125
 0 0.1669921875 0.5048828125 0.087890625 0.083984375
 3 0.2001953125 0.4912109375 0.056640625 0.087890625
 0 0.451171875 0.49609375 0.01953125 0.046875
 0 0.4755859375 0.4990234375 0.033203125 0.048828125
 0 0.5849609375 0.49609375 0.126953125 0.08984375
 4 0.5712890625 0.0263671875 0.029296875 0.052734375
 4 0.56640625 0.3642578125 0.015625 0.048828125
 4 0.6533203125 0.357421875 0.017578125 0.05078125
 4 0.728515625 0.41796875 0.015625 0.046875
 4 0.8017578125 0.0751953125 0.029296875 0.095703125
 0 0.86328125 0.4921875 0.08203125 0.05078125
 0 0.8623046875 0.490234375 0.072265625 0.0546875
 0 0.9208984375 0.4873046875 0.103515625 0.056640625
 0 0.91796875 0.4814453125 0.05859375 0.056640625