
 0 0.0458984375 0.5390625 0.091796875 0.10546875
 4 0.1591796875 0.326171875 0.025390625 0.07421875
 4 0.1591796875 0.333984375 0.021484375 0.07421875
 1 0.2041015625 0.5 0.044921875 0.12890625
 0 0.462890625 0.4775390625 0.0234375 0.033203125
 0 0.4873046875 0.4716796875 0.021484375 0.033203125
 0 0.5380859375 0.4814453125 0.017578125 0.056640625
 0 0.5673828125 0.484375 0.037109375 0.046875
 0 0.568359375 0.4912109375 0.03515625 0.060546875
 0 0.607421875 0.4892578125 0.0625 0.072265625
 4 0.6025390625 0.298828125 0.017578125 0.07421875
 1 0.75390625 0.46484375 0.01953125 0.1015625
 1 0.75390625 0.4658203125 0.01953125 0.099609375
 0 0.9306640625 0.484375 0.130859375 0.140625
 0 0.93359375 0.48046875 0.12890625 0.16796875