
 0 0.03515625 0.63671875 0.0703125 0.23828125
 0 0.1708984375 0.5390625 0.072265625 0.07421875
 0 0.2158203125 0.5380859375 0.033203125 0.037109375
 0 0.296875 0.5341796875 0.1171875 0.130859375
 0 0.2470703125 0.5380859375 0.017578125 0.041015625
 0 0.396484375 0.5283203125 0.0390625 0.060546875
 0 0.451171875 0.525390625 0.046875 0.0625
 0 0.4873046875 0.5146484375 0.041015625 0.072265625
 0 0.4892578125 0.509765625 0.029296875 0.046875
 0 0.55078125 0.546875 0.11328125 0.12890625
 1 0.75 0.5361328125 0.0234375 0.115234375
 1 0.75 0.5341796875 0.015625 0.103515625
 1 0.7734375 0.529296875 0.03125 0.13671875
 1 0.771484375 0.5283203125 0.01953125 0.115234375
 3 0.8076171875 0.5126953125 0.083984375 0.052734375
 0 0.83203125 0.5390625 0.07421875 0.0703125
 0 0.9072265625 0.537109375 0.146484375 0.1015625