
 0 0.0595703125 0.4970703125 0.095703125 0.107421875
 0 0.126953125 0.50390625 0.05078125 0.06640625
 0 0.12890625 0.5048828125 0.046875 0.056640625
 0 0.169921875 0.5009765625 0.046875 0.056640625
 0 0.212890625 0.4921875 0.046875 0.0625
 0 0.2890625 0.4873046875 0.0390625 0.037109375
 0 0.31640625 0.48046875 0.01953125 0.04296875
 0 0.3486328125 0.4833984375 0.037109375 0.041015625
 4 0.513671875 0.4091796875 0.015625 0.037109375
 None 0.533203125 0.4384765625 0.015625 0.021484375
 4 0.5341796875 0.4306640625 0.013671875 0.037109375
 4 0.560546875 0.4267578125 0.015625 0.044921875
 None 0.5615234375 0.423828125 0.017578125 0.02734375
 0 0.58984375 0.478515625 0.03515625 0.05859375
 0 0.6416015625 0.4921875 0.068359375 0.0859375