
 0 0.0224609375 0.5546875 0.044921875 0.21484375
 0 0.216796875 0.5400390625 0.04296875 0.044921875
 0 0.2451171875 0.5302734375 0.037109375 0.048828125
 0 0.298828125 0.53125 0.05078125 0.05078125
 0 0.419921875 0.5400390625 0.0703125 0.091796875
 4 0.4033203125 0.4306640625 0.013671875 0.033203125
 4 0.40234375 0.427734375 0.01171875 0.02734375
 4 0.4443359375 0.42578125 0.009765625 0.0234375
 4 0.4443359375 0.4296875 0.009765625 0.03125
 0 0.4853515625 0.5234375 0.029296875 0.03515625
 0 0.6025390625 0.51171875 0.072265625 0.05859375
 0 0.7470703125 0.556640625 0.208984375 0.1953125