
 0 0.908203125 0.599609375 0.18359375 0.4453125
 0 0.0498046875 0.5732421875 0.076171875 0.083984375
 0 0.203125 0.5556640625 0.046875 0.041015625
 0 0.34375 0.5537109375 0.109375 0.154296875
 0 0.4296875 0.5419921875 0.05859375 0.087890625
 0 0.4521484375 0.5517578125 0.037109375 0.068359375
 0 0.48828125 0.5576171875 0.0625 0.103515625
 0 0.5341796875 0.5546875 0.060546875 0.10546875
 0 0.5830078125 0.5361328125 0.048828125 0.158203125
 0 0.6640625 0.5576171875 0.1171875 0.185546875
 0 0.767578125 0.578125 0.2109375 0.2421875