
 0 0.068359375 0.62109375 0.13671875 0.36328125
 0 0.1875 0.537109375 0.046875 0.07421875
 0 0.33203125 0.6533203125 0.32421875 0.400390625
 4 0.2763671875 0.279296875 0.025390625 0.06640625
 4 0.388671875 0.2861328125 0.0234375 0.076171875
 4 0.5634765625 0.4150390625 0.025390625 0.076171875
 1 0.560546875 0.5224609375 0.01953125 0.080078125
 1 0.5791015625 0.521484375 0.017578125 0.08203125
 1 0.59375 0.5244140625 0.01953125 0.083984375
 1 0.611328125 0.5244140625 0.0234375 0.091796875
 2 0.62890625 0.529296875 0.0234375 0.08984375
 2 0.6494140625 0.5283203125 0.033203125 0.091796875
 1 0.6875 0.525390625 0.01953125 0.08984375
 1 0.701171875 0.5283203125 0.0234375 0.087890625
 1 0.7255859375 0.521484375 0.021484375 0.0859375
 1 0.7734375 0.5185546875 0.02734375 0.115234375
 0 0.951171875 0.5234375 0.09375 0.08203125