
 2 0.4365234375 0.48046875 0.021484375 0.0390625
 2 0.2734375 0.490234375 0.02734375 0.03125
 4 0.28125 0.4404296875 0.01171875 0.029296875
 0 0.3623046875 0.4951171875 0.044921875 0.056640625
 4 0.3837890625 0.3984375 0.009765625 0.03125
 0 0.3974609375 0.4853515625 0.029296875 0.037109375
 0 0.3974609375 0.4775390625 0.025390625 0.025390625
 4 0.4267578125 0.390625 0.009765625 0.02734375
 4 0.4296875 0.388671875 0.01171875 0.03125
 4 0.513671875 0.4111328125 0.015625 0.033203125
 0 0.591796875 0.470703125 0.06640625 0.0546875
 1 0.5810546875 0.4951171875 0.017578125 0.076171875