
 1 0.9453125 0.6796875 0.109375 0.59375
 0 0.099609375 0.556640625 0.1875 0.11328125
 0 0.205078125 0.5390625 0.04296875 0.08984375
 0 0.2275390625 0.5302734375 0.064453125 0.080078125
 0 0.236328125 0.53125 0.0390625 0.08984375
 0 0.2958984375 0.5400390625 0.083984375 0.091796875
 0 0.3486328125 0.5234375 0.044921875 0.0546875
 0 0.423828125 0.5244140625 0.05078125 0.064453125
 0 0.546875 0.53125 0.06640625 0.09765625
 1 0.759765625 0.5458984375 0.04296875 0.099609375
 1 0.7900390625 0.529296875 0.048828125 0.18359375
 1 0.830078125 0.5322265625 0.0390625 0.181640625