
 0 0.0205078125 0.5146484375 0.041015625 0.060546875
 0 0.126953125 0.501953125 0.09375 0.08203125
 0 0.388671875 0.6669921875 0.48046875 0.525390625
 0 0.1982421875 0.5068359375 0.064453125 0.060546875
 0 0.234375 0.486328125 0.03515625 0.0703125
 4 0.3095703125 0.2158203125 0.021484375 0.052734375
 4 0.451171875 0.236328125 0.0234375 0.08203125
 4 0.6689453125 0.3583984375 0.021484375 0.068359375
 4 0.6689453125 0.3505859375 0.013671875 0.037109375
 4 0.9521484375 0.0654296875 0.041015625 0.130859375