
 3 0.07421875 0.5009765625 0.1484375 0.091796875
 0 0.044921875 0.5302734375 0.07421875 0.041015625
 0 0.1416015625 0.541015625 0.064453125 0.04296875
 0 0.224609375 0.5341796875 0.06640625 0.033203125
 0 0.2236328125 0.5322265625 0.056640625 0.033203125
 0 0.2919921875 0.5234375 0.044921875 0.04296875
 0 0.2900390625 0.5205078125 0.037109375 0.044921875
 0 0.3349609375 0.5419921875 0.052734375 0.072265625
 0 0.3330078125 0.54296875 0.048828125 0.05859375
 0 0.365234375 0.541015625 0.01953125 0.05078125
 0 0.44921875 0.580078125 0.125 0.16015625
 4 0.4208984375 0.3876953125 0.017578125 0.037109375
 4 0.419921875 0.38671875 0.01171875 0.03515625
 4 0.47265625 0.392578125 0.01171875 0.0390625
 0 0.5068359375 0.5283203125 0.033203125 0.091796875
 0 0.5302734375 0.53125 0.013671875 0.046875
 0 0.5390625 0.533203125 0.03125 0.046875
 4 0.5546875 0.4521484375 0.01171875 0.025390625
 4 0.564453125 0.44140625 0.01171875 0.04296875
 1 0.8974609375 0.537109375 0.041015625 0.18359375