
 1 0.0849609375 0.4873046875 0.025390625 0.126953125
 0 0.271484375 0.50390625 0.0625 0.06640625
 0 0.2744140625 0.5 0.060546875 0.0546875
 0 0.330078125 0.4912109375 0.046875 0.052734375
 0 0.3291015625 0.4912109375 0.041015625 0.052734375
 0 0.4482421875 0.4775390625 0.029296875 0.052734375
 0 0.4892578125 0.498046875 0.091796875 0.1171875
 4 0.5400390625 0.208984375 0.025390625 0.0859375
 0 0.5615234375 0.4970703125 0.048828125 0.080078125
 4 0.6884765625 0.369140625 0.017578125 0.03515625
 4 0.6904296875 0.34765625 0.017578125 0.07421875