
 0 0.94140625 0.646484375 0.1171875 0.3125
 0 0.08984375 0.55859375 0.17578125 0.17578125
 0 0.0908203125 0.5625 0.177734375 0.18359375
 1 0.1689453125 0.5205078125 0.013671875 0.072265625
 0 0.2373046875 0.5263671875 0.095703125 0.056640625
 4 0.2734375 0.435546875 0.015625 0.04296875
 0 0.361328125 0.587890625 0.17578125 0.21875
 0 0.453125 0.5263671875 0.06640625 0.123046875
 0 0.4931640625 0.5146484375 0.044921875 0.064453125
 4 0.5 0.423828125 0.01953125 0.0625
 4 0.4990234375 0.41796875 0.017578125 0.0390625
 1 0.5234375 0.5234375 0.02734375 0.09765625
 1 0.5244140625 0.5185546875 0.017578125 0.087890625
 1 0.5322265625 0.5205078125 0.013671875 0.083984375
 1 0.5546875 0.517578125 0.015625 0.09375
 1 0.5732421875 0.498046875 0.021484375 0.0703125
 1 0.5732421875 0.50390625 0.013671875 0.06640625
 0 0.708984375 0.55078125 0.203125 0.23046875