
 0 0.0615234375 0.53515625 0.111328125 0.0703125
 4 0.119140625 0.2890625 0.01953125 0.0625
 0 0.1904296875 0.521484375 0.033203125 0.03125
 0 0.2353515625 0.5166015625 0.056640625 0.060546875
 0 0.283203125 0.5263671875 0.0625 0.087890625
 0 0.2861328125 0.53125 0.072265625 0.09765625
 0 0.2626953125 0.5146484375 0.017578125 0.025390625
 4 0.2802734375 0.373046875 0.017578125 0.0546875
 0 0.380859375 0.56640625 0.17578125 0.1953125
 0 0.310546875 0.51171875 0.01953125 0.046875
 4 0.341796875 0.3271484375 0.015625 0.048828125
 4 0.3828125 0.4150390625 0.01171875 0.025390625
 4 0.416015625 0.4404296875 0.015625 0.033203125
 0 0.45703125 0.515625 0.03125 0.04296875
 0 0.458984375 0.5029296875 0.02734375 0.052734375
 4 0.498046875 0.4013671875 0.01953125 0.037109375
 0 0.5166015625 0.5234375 0.044921875 0.046875
 0 0.5185546875 0.5166015625 0.044921875 0.048828125
 0 0.5849609375 0.51953125 0.033203125 0.0390625
 3 0.6728515625 0.5068359375 0.064453125 0.095703125
 3 0.669921875 0.505859375 0.0546875 0.09765625
 0 0.72265625 0.544921875 0.140625 0.1484375
 4 0.748046875 0.4140625 0.015625 0.046875
 0 0.8134765625 0.546875 0.119140625 0.10546875
 0 0.818359375 0.548828125 0.1171875 0.12109375