
 2 0.94140625 0.55859375 0.08203125 0.27734375
 0 0.3056640625 0.5947265625 0.404296875 0.525390625
 4 0.12890625 0.427734375 0.01953125 0.01953125
 4 0.12890625 0.42578125 0.01953125 0.0234375
 4 0.359375 0.318359375 0.01171875 0.0390625
 4 0.4541015625 0.326171875 0.017578125 0.046875
 3 0.7236328125 0.38671875 0.392578125 0.58984375
 3 0.9462890625 0.439453125 0.052734375 0.0546875
 0 0.9658203125 0.8076171875 0.064453125 0.380859375
 0 0.9658203125 0.818359375 0.064453125 0.34375
 1 0.9638671875 0.4990234375 0.025390625 0.123046875