
 0 0.0791015625 0.626953125 0.158203125 0.234375
 3 0.0546875 0.46875 0.109375 0.18359375
 3 0.177734375 0.509765625 0.140625 0.171875
 0 0.181640625 0.5244140625 0.1328125 0.166015625
 0 0.3017578125 0.5576171875 0.068359375 0.087890625
 0 0.369140625 0.58203125 0.12890625 0.1796875
 3 0.4150390625 0.533203125 0.080078125 0.14453125
 0 0.4267578125 0.537109375 0.095703125 0.16015625
 0 0.5126953125 0.5556640625 0.060546875 0.080078125
 0 0.5869140625 0.5478515625 0.099609375 0.154296875
 0 0.6708984375 0.58984375 0.181640625 0.19140625
 3 0.763671875 0.50390625 0.1015625 0.1796875
 0 0.7626953125 0.4990234375 0.095703125 0.185546875