
 0 0.0595703125 0.603515625 0.119140625 0.328125
 0 0.119140625 0.54296875 0.07421875 0.078125
 0 0.17578125 0.5390625 0.05078125 0.0546875
 0 0.326171875 0.6572265625 0.3203125 0.416015625
 4 0.279296875 0.279296875 0.0234375 0.06640625
 4 0.390625 0.2861328125 0.0234375 0.076171875
 1 0.4912109375 0.52734375 0.025390625 0.0703125
 1 0.54296875 0.521484375 0.01953125 0.07421875
 1 0.54296875 0.5244140625 0.015625 0.072265625
 4 0.5634765625 0.4130859375 0.025390625 0.072265625
 1 0.5615234375 0.5166015625 0.021484375 0.080078125
 1 0.5751953125 0.517578125 0.017578125 0.078125
 1 0.5908203125 0.5146484375 0.025390625 0.083984375
 2 0.6279296875 0.5283203125 0.033203125 0.091796875
 2 0.6552734375 0.52734375 0.033203125 0.08984375
 1 0.6865234375 0.5263671875 0.021484375 0.083984375
 1 0.7021484375 0.525390625 0.021484375 0.0859375
 1 0.724609375 0.521484375 0.01953125 0.0859375
 1 0.83203125 0.521484375 0.0390625 0.13671875
 1 0.8994140625 0.51171875 0.025390625 0.0859375
 0 0.9482421875 0.517578125 0.095703125 0.0859375
 1 0.923828125 0.498046875 0.015625 0.0546875