
 1 0.26171875 0.525390625 0.015625 0.05859375
 1 0.2021484375 0.53125 0.013671875 0.05859375
 1 0.455078125 0.529296875 0.015625 0.046875
 1 0.43359375 0.5302734375 0.015625 0.048828125
 1 0.4013671875 0.529296875 0.013671875 0.0546875
 1 0.1220703125 0.537109375 0.029296875 0.09765625
 1 0.177734375 0.5390625 0.02734375 0.10546875
 0 0.32421875 0.5322265625 0.08984375 0.064453125
 1 0.3173828125 0.552734375 0.037109375 0.1484375
 0 0.3291015625 0.5478515625 0.025390625 0.123046875
 0 0.5439453125 0.5126953125 0.142578125 0.091796875
 0 0.6044921875 0.505859375 0.099609375 0.07421875
 1 0.568359375 0.5537109375 0.02734375 0.126953125
 1 0.59375 0.5390625 0.03515625 0.14453125
 0 0.6533203125 0.5078125 0.103515625 0.078125
 2 0.9326171875 0.5458984375 0.080078125 0.169921875