
 0 0.0224609375 0.541015625 0.044921875 0.0546875
 0 0.080078125 0.53125 0.03515625 0.03515625
 3 0.3291015625 0.50390625 0.025390625 0.05078125
 4 0.3310546875 0.376953125 0.017578125 0.05078125
 4 0.328125 0.375 0.01171875 0.02734375
 4 0.3701171875 0.3759765625 0.009765625 0.037109375
 4 0.37109375 0.376953125 0.01171875 0.03125
 0 0.39453125 0.5078125 0.02734375 0.0390625
 4 0.4189453125 0.376953125 0.013671875 0.03125
 0 0.4267578125 0.51171875 0.025390625 0.03515625
 0 0.5703125 0.5087890625 0.0625 0.041015625