
 1 0.013671875 0.5498046875 0.02734375 0.142578125
 1 0.9443359375 0.576171875 0.111328125 0.51171875
 0 0.1552734375 0.54296875 0.064453125 0.08203125
 0 0.154296875 0.5439453125 0.05859375 0.068359375
 0 0.2392578125 0.5166015625 0.080078125 0.103515625
 0 0.2412109375 0.5244140625 0.068359375 0.087890625
 1 0.3876953125 0.6015625 0.068359375 0.5390625
 0 0.5908203125 0.5283203125 0.255859375 0.150390625
 1 0.509765625 0.6220703125 0.07421875 0.591796875
 4 0.517578125 0.322265625 0.02734375 0.03515625
 1 0.5859375 0.599609375 0.12890625 0.5234375
 1 0.5693359375 0.58203125 0.072265625 0.52734375
 1 0.72265625 0.6162109375 0.01953125 0.357421875
 1 0.7705078125 0.595703125 0.076171875 0.45703125