
 0 0.0830078125 0.546875 0.162109375 0.18359375
 0 0.1357421875 0.46484375 0.087890625 0.0546875
 0 0.18359375 0.5322265625 0.078125 0.146484375
 0 0.2373046875 0.505859375 0.064453125 0.04296875
 4 0.33984375 0.4404296875 0.01171875 0.029296875
 0 0.4208984375 0.4912109375 0.037109375 0.048828125
 0 0.5439453125 0.53515625 0.138671875 0.19140625
 4 0.5185546875 0.37109375 0.017578125 0.03125
 4 0.599609375 0.4267578125 0.01171875 0.029296875
 0 0.677734375 0.537109375 0.125 0.1484375
 4 0.6337890625 0.4072265625 0.013671875 0.021484375