
 0 0.2236328125 0.515625 0.080078125 0.08203125
 0 0.2236328125 0.521484375 0.076171875 0.08203125
 0 0.2900390625 0.5068359375 0.052734375 0.087890625
 0 0.34375 0.4931640625 0.0546875 0.080078125
 0 0.3955078125 0.49609375 0.033203125 0.05078125
 0 0.4892578125 0.490234375 0.044921875 0.07421875
 0 0.5732421875 0.501953125 0.021484375 0.0546875
 0 0.5888671875 0.505859375 0.025390625 0.0625
 0 0.630859375 0.521484375 0.0625 0.09765625
 0 0.6396484375 0.517578125 0.072265625 0.07421875
 0 0.7275390625 0.5439453125 0.130859375 0.146484375