
 0 0.0126953125 0.5009765625 0.025390625 0.060546875
 0 0.0810546875 0.486328125 0.083984375 0.078125
 0 0.1728515625 0.48046875 0.060546875 0.05859375
 0 0.3076171875 0.4521484375 0.025390625 0.025390625
 4 0.3828125 0.28125 0.0234375 0.08203125
 4 0.3876953125 0.275390625 0.017578125 0.0625
 0 0.5107421875 0.5810546875 0.251953125 0.314453125
 4 0.5107421875 0.265625 0.021484375 0.0625
 4 0.6376953125 0.294921875 0.025390625 0.07421875
 0 0.7314453125 0.462890625 0.052734375 0.0390625
 4 0.7490234375 0.375 0.025390625 0.0703125
 0 0.8681640625 0.55859375 0.259765625 0.390625
 4 0.751953125 0.3779296875 0.015625 0.048828125