
 0 0.0595703125 0.5595703125 0.068359375 0.076171875
 0 0.1142578125 0.5556640625 0.060546875 0.068359375
 0 0.154296875 0.5537109375 0.04296875 0.052734375
 0 0.1845703125 0.544921875 0.037109375 0.046875
 0 0.240234375 0.544921875 0.03515625 0.03515625
 0 0.41015625 0.552734375 0.11328125 0.15625
 0 0.4609375 0.537109375 0.04296875 0.078125
 0 0.537109375 0.5322265625 0.0546875 0.068359375
 0 0.6572265625 0.5068359375 0.060546875 0.060546875
 1 0.7001953125 0.5263671875 0.025390625 0.091796875