
 0 0.955078125 0.794921875 0.08984375 0.35546875
 0 0.0556640625 0.5751953125 0.111328125 0.173828125
 0 0.1376953125 0.5576171875 0.095703125 0.126953125
 1 0.1826171875 0.5341796875 0.013671875 0.033203125
 0 0.3759765625 0.5498046875 0.076171875 0.091796875
 0 0.49609375 0.5322265625 0.0625 0.072265625
 1 0.5771484375 0.5263671875 0.021484375 0.033203125
 0 0.736328125 0.583984375 0.25 0.23046875
 1 0.62890625 0.4833984375 0.015625 0.029296875
 1 0.7177734375 0.4697265625 0.013671875 0.017578125
 1 0.7509765625 0.4580078125 0.021484375 0.048828125
 1 0.796875 0.4599609375 0.03125 0.056640625