
 3 0.0634765625 0.482421875 0.126953125 0.1796875
 0 0.115234375 0.5615234375 0.1015625 0.111328125
 0 0.1796875 0.4814453125 0.1328125 0.130859375
 0 0.28515625 0.6240234375 0.28515625 0.341796875
 0 0.3837890625 0.498046875 0.158203125 0.26171875
 0 0.43359375 0.5205078125 0.078125 0.259765625
 0 0.51171875 0.5400390625 0.0625 0.083984375
 0 0.53125 0.533203125 0.02734375 0.109375
 0 0.576171875 0.52734375 0.08984375 0.15625
 0 0.6533203125 0.556640625 0.173828125 0.1796875
 3 0.7490234375 0.478515625 0.111328125 0.1953125
 0 0.7529296875 0.4814453125 0.103515625 0.177734375