
 0 0.0654296875 0.560546875 0.060546875 0.04296875
 0 0.0712890625 0.5595703125 0.056640625 0.060546875
 0 0.16015625 0.556640625 0.02734375 0.04296875
 0 0.228515625 0.55078125 0.04296875 0.05859375
 0 0.23046875 0.5556640625 0.0390625 0.052734375
 0 0.2666015625 0.552734375 0.060546875 0.09765625
 0 0.3828125 0.5849609375 0.1171875 0.169921875
 4 0.36328125 0.2900390625 0.02734375 0.076171875
 4 0.494140625 0.314453125 0.02734375 0.07421875
 0 0.55859375 0.55859375 0.08984375 0.1953125
 0 0.677734375 0.5966796875 0.203125 0.236328125
 4 0.60546875 0.34375 0.03125 0.07421875
 4 0.609375 0.3388671875 0.01953125 0.056640625
 4 0.7412109375 0.443359375 0.021484375 0.05078125
 0 0.779296875 0.5419921875 0.0625 0.056640625
 0 0.7822265625 0.5498046875 0.056640625 0.064453125
 0 0.861328125 0.5615234375 0.15234375 0.083984375
 0 0.935546875 0.818359375 0.125 0.359375
 0 0.9384765625 0.529296875 0.072265625 0.05078125