
 0 0.0517578125 0.595703125 0.103515625 0.2578125
 0 0.2314453125 0.4794921875 0.041015625 0.048828125
 0 0.234375 0.4794921875 0.03515625 0.037109375
 0 0.30078125 0.474609375 0.03125 0.0390625
 0 0.3330078125 0.47265625 0.044921875 0.0546875
 4 0.3212890625 0.4384765625 0.017578125 0.025390625
 0 0.33203125 0.4736328125 0.0390625 0.056640625
 4 0.3974609375 0.416015625 0.013671875 0.03125
 4 0.455078125 0.3701171875 0.015625 0.033203125
 4 0.45703125 0.369140625 0.015625 0.0390625
 0 0.5341796875 0.482421875 0.033203125 0.04296875
 0 0.537109375 0.478515625 0.03515625 0.04296875
 4 0.5537109375 0.4287109375 0.009765625 0.037109375
 4 0.564453125 0.427734375 0.01171875 0.02734375
 3 0.634765625 0.4443359375 0.09375 0.060546875
 0 0.63671875 0.5009765625 0.09375 0.126953125