
 3 0.07421875 0.5302734375 0.09765625 0.076171875
 3 0.0791015625 0.5322265625 0.091796875 0.068359375
 4 0.279296875 0.4296875 0.015625 0.04296875
 4 0.328125 0.4287109375 0.015625 0.037109375
 0 0.349609375 0.53125 0.0390625 0.046875
 4 0.3701171875 0.4384765625 0.017578125 0.041015625
 0 0.392578125 0.525390625 0.03515625 0.04296875
 0 0.435546875 0.5283203125 0.03515625 0.041015625
 4 0.45703125 0.4912109375 0.015625 0.037109375
 0 0.4775390625 0.5283203125 0.033203125 0.072265625
 0 0.5263671875 0.5517578125 0.099609375 0.123046875
 4 0.5283203125 0.4580078125 0.017578125 0.037109375
 0 0.6064453125 0.53515625 0.076171875 0.078125
 0 0.763671875 0.5537109375 0.1484375 0.119140625
 0 0.849609375 0.5078125 0.07421875 0.0703125