
 0 0.02734375 0.5595703125 0.05078125 0.130859375
 0 0.037109375 0.5537109375 0.05078125 0.103515625
 3 0.076171875 0.501953125 0.109375 0.0859375
 0 0.08984375 0.576171875 0.13671875 0.1796875
 0 0.2841796875 0.591796875 0.326171875 0.421875
 4 0.3173828125 0.330078125 0.017578125 0.05078125
 4 0.4140625 0.32421875 0.015625 0.04296875
 4 0.4921875 0.3251953125 0.015625 0.048828125
 0 0.525390625 0.521484375 0.0390625 0.05859375
 0 0.697265625 0.5654296875 0.16796875 0.177734375
 1 0.634765625 0.5224609375 0.01953125 0.056640625
 1 0.6357421875 0.513671875 0.013671875 0.0390625
 4 0.6796875 0.4150390625 0.015625 0.044921875
 3 0.9404296875 0.484375 0.115234375 0.13671875
 4 0.9296875 0.251953125 0.05078125 0.1484375
 1 0.9599609375 0.541015625 0.029296875 0.1171875