
 0 0.0458984375 0.552734375 0.091796875 0.1015625
 4 0.15234375 0.2861328125 0.03125 0.091796875
 4 0.154296875 0.306640625 0.03125 0.03515625
 0 0.244140625 0.5546875 0.10546875 0.109375
 0 0.328125 0.544921875 0.04296875 0.05078125
 0 0.390625 0.5419921875 0.03515625 0.048828125
 4 0.3994140625 0.234375 0.029296875 0.078125
 4 0.3974609375 0.2529296875 0.021484375 0.048828125
 4 0.576171875 0.3818359375 0.02734375 0.060546875
 4 0.576171875 0.3955078125 0.01953125 0.041015625
 4 0.7548828125 0.4208984375 0.025390625 0.037109375