
 0 0.1611328125 0.5888671875 0.298828125 0.341796875
 0 0.357421875 0.4921875 0.0703125 0.09375
 4 0.3330078125 0.33203125 0.017578125 0.0546875
 0 0.4140625 0.5029296875 0.06640625 0.060546875
 4 0.4267578125 0.33203125 0.013671875 0.046875
 0 0.451171875 0.490234375 0.03125 0.0390625
 0 0.4765625 0.490234375 0.015625 0.05078125
 4 0.486328125 0.345703125 0.015625 0.0390625
 0 0.5107421875 0.4892578125 0.033203125 0.041015625
 3 0.544921875 0.470703125 0.02734375 0.046875
 0 0.6259765625 0.5146484375 0.064453125 0.099609375
 4 0.6044921875 0.4169921875 0.017578125 0.052734375
 4 0.6044921875 0.4150390625 0.013671875 0.037109375
 0 0.7001953125 0.5302734375 0.115234375 0.111328125
 4 0.6630859375 0.3818359375 0.017578125 0.052734375
 4 0.6708984375 0.3837890625 0.021484375 0.052734375
 0 0.892578125 0.486328125 0.08203125 0.046875
 0 0.900390625 0.4794921875 0.08984375 0.068359375