
 0 0.9443359375 0.5390625 0.111328125 0.140625
 0 0.970703125 0.6533203125 0.05859375 0.259765625
 0 0.0673828125 0.525390625 0.048828125 0.0625
 0 0.1171875 0.5283203125 0.05078125 0.068359375
 0 0.173828125 0.5205078125 0.0546875 0.052734375
 2 0.3212890625 0.517578125 0.029296875 0.07421875
 0 0.583984375 0.4990234375 0.0390625 0.048828125
 0 0.5849609375 0.5009765625 0.037109375 0.052734375
 0 0.6396484375 0.501953125 0.048828125 0.07421875
 0 0.8134765625 0.548828125 0.177734375 0.16796875
 0 0.8203125 0.552734375 0.14453125 0.1640625