
 0 0.0576171875 0.537109375 0.017578125 0.0234375
 0 0.076171875 0.546875 0.01171875 0.03125
 0 0.1044921875 0.5576171875 0.064453125 0.072265625
 0 0.2216796875 0.54296875 0.041015625 0.05078125
 0 0.2255859375 0.509765625 0.017578125 0.0234375
 0 0.2578125 0.525390625 0.01953125 0.02734375
 4 0.2587890625 0.4052734375 0.017578125 0.044921875
 4 0.2607421875 0.40234375 0.013671875 0.0390625
 0 0.314453125 0.537109375 0.01953125 0.05859375
 0 0.3154296875 0.5400390625 0.013671875 0.052734375
 3 0.3427734375 0.521484375 0.052734375 0.10546875
 4 0.337890625 0.39453125 0.01171875 0.04296875
 4 0.3994140625 0.3935546875 0.013671875 0.041015625
 4 0.6181640625 0.408203125 0.017578125 0.05859375
 0 0.7021484375 0.533203125 0.087890625 0.0625
 0 0.705078125 0.5322265625 0.0859375 0.052734375