
 0 0.1708984375 0.4912109375 0.041015625 0.064453125
 0 0.1982421875 0.4931640625 0.037109375 0.052734375
 0 0.203125 0.498046875 0.01953125 0.04296875
 0 0.2265625 0.4912109375 0.03125 0.041015625
 0 0.2568359375 0.4794921875 0.029296875 0.060546875
 0 0.3095703125 0.48046875 0.033203125 0.0390625
 4 0.509765625 0.423828125 0.015625 0.0390625
 4 0.5244140625 0.4345703125 0.013671875 0.037109375
 None 0.5224609375 0.4423828125 0.013671875 0.021484375
 None 0.5498046875 0.4375 0.017578125 0.02734375
 4 0.5478515625 0.427734375 0.013671875 0.04296875
 0 0.5595703125 0.4814453125 0.021484375 0.048828125
 0 0.59765625 0.4892578125 0.05078125 0.056640625