
 0 0.0185546875 0.63671875 0.037109375 0.2421875
 3 0.0615234375 0.486328125 0.123046875 0.17578125
 3 0.05859375 0.4921875 0.1171875 0.18359375
 0 0.1171875 0.5634765625 0.10546875 0.111328125
 0 0.1748046875 0.46875 0.115234375 0.12109375
 3 0.18359375 0.5068359375 0.12890625 0.173828125
 0 0.314453125 0.6044921875 0.2265625 0.287109375
 3 0.40234375 0.52734375 0.12890625 0.19140625
 0 0.43359375 0.5205078125 0.078125 0.259765625
 0 0.5087890625 0.537109375 0.056640625 0.078125
 0 0.5322265625 0.533203125 0.029296875 0.109375
 0 0.5869140625 0.5322265625 0.107421875 0.150390625
 0 0.654296875 0.560546875 0.171875 0.171875
 3 0.7568359375 0.4921875 0.103515625 0.18359375