
 0 0.9150390625 0.4990234375 0.150390625 0.130859375
 0 0.94140625 0.689453125 0.1171875 0.44140625
 0 0.1376953125 0.51953125 0.095703125 0.09765625
 4 0.169921875 0.41015625 0.01953125 0.05078125
 0 0.2177734375 0.4990234375 0.037109375 0.037109375
 4 0.2158203125 0.419921875 0.017578125 0.03515625
 4 0.27734375 0.4619140625 0.015625 0.041015625
 0 0.3369140625 0.4912109375 0.037109375 0.064453125
 0 0.3642578125 0.4970703125 0.037109375 0.072265625
 0 0.365234375 0.4921875 0.03515625 0.05078125
 0 0.392578125 0.498046875 0.0546875 0.07421875
 4 0.45703125 0.4443359375 0.01953125 0.037109375
 4 0.45703125 0.44921875 0.01171875 0.02734375
 0 0.51171875 0.4931640625 0.05859375 0.080078125
 0 0.5615234375 0.5068359375 0.037109375 0.068359375
 0 0.58984375 0.5224609375 0.04296875 0.103515625
 0 0.59375 0.51953125 0.0390625 0.0859375
 0 0.6484375 0.541015625 0.1015625 0.13671875
 0 0.6455078125 0.5322265625 0.091796875 0.099609375
 0 0.763671875 0.490234375 0.12109375 0.140625
 0 0.7685546875 0.4892578125 0.126953125 0.083984375