
 1 0.4736328125 0.4931640625 0.009765625 0.056640625
 0 0.4873046875 0.5009765625 0.013671875 0.056640625
 0 0.5126953125 0.4970703125 0.037109375 0.083984375
 0 0.53125 0.501953125 0.0390625 0.07421875
 0 0.416015625 0.505859375 0.05078125 0.078125
 1 0.8955078125 0.4873046875 0.033203125 0.142578125
 1 0.8330078125 0.4931640625 0.025390625 0.119140625
 1 0.8056640625 0.5009765625 0.033203125 0.134765625
 0 0.1162109375 0.533203125 0.134765625 0.09765625
 0 0.248046875 0.5244140625 0.078125 0.103515625
 1 0.2958984375 0.6259765625 0.068359375 0.458984375
 1 0.333984375 0.611328125 0.1171875 0.54296875
 1 0.703125 0.4638671875 0.02734375 0.060546875
 1 0.7138671875 0.51953125 0.044921875 0.09765625
 1 0.7353515625 0.5078125 0.044921875 0.16015625
 1 0.7685546875 0.498046875 0.029296875 0.1484375
 1 0.9248046875 0.525390625 0.033203125 0.11328125
 1 0.953125 0.505859375 0.05078125 0.16015625