
 0 0.919921875 0.626953125 0.16015625 0.33984375
 0 0.4033203125 0.490234375 0.029296875 0.04296875
 0 0.443359375 0.48828125 0.03125 0.046875
 4 0.4580078125 0.419921875 0.013671875 0.0234375
 0 0.474609375 0.4833984375 0.03125 0.041015625
 4 0.48828125 0.421875 0.01171875 0.02734375
 4 0.5390625 0.4560546875 0.01171875 0.029296875
 4 0.5673828125 0.4423828125 0.017578125 0.033203125
 0 0.6025390625 0.5126953125 0.041015625 0.099609375
 0 0.6513671875 0.5244140625 0.087890625 0.115234375
 0 0.751953125 0.5185546875 0.1953125 0.208984375