
 3 0.22265625 0.44921875 0.234375 0.38671875
 3 0.251953125 0.4609375 0.23046875 0.3828125
 0 0.3974609375 0.5224609375 0.130859375 0.111328125
 0 0.3974609375 0.5166015625 0.123046875 0.138671875
 0 0.4951171875 0.509765625 0.037109375 0.05859375
 0 0.515625 0.4951171875 0.04296875 0.068359375
 0 0.5703125 0.4921875 0.03125 0.04296875
 0 0.728515625 0.4921875 0.03125 0.06640625
 0 0.748046875 0.5068359375 0.03125 0.087890625
 0 0.7890625 0.501953125 0.0703125 0.12109375
 0 0.7802734375 0.5029296875 0.048828125 0.142578125
 0 0.86328125 0.4990234375 0.14453125 0.162109375
 0 0.8701171875 0.5048828125 0.158203125 0.166015625
 0 0.958984375 0.541015625 0.078125 0.2421875
 0 0.9609375 0.5283203125 0.0703125 0.294921875