
 0 0.0537109375 0.5732421875 0.076171875 0.072265625
 0 0.037109375 0.5341796875 0.015625 0.025390625
 0 0.1435546875 0.5537109375 0.037109375 0.052734375
 0 0.2060546875 0.513671875 0.017578125 0.0234375
 0 0.2158203125 0.54296875 0.033203125 0.05078125
 0 0.248046875 0.52734375 0.01953125 0.0234375
 4 0.2509765625 0.41796875 0.017578125 0.04296875
 4 0.251953125 0.419921875 0.01171875 0.0390625
 0 0.30859375 0.537109375 0.03125 0.05859375
 0 0.310546875 0.5380859375 0.015625 0.052734375
 3 0.33984375 0.5224609375 0.05859375 0.107421875
 4 0.322265625 0.412109375 0.01171875 0.03515625
 4 0.375 0.412109375 0.01171875 0.0390625
 4 0.5556640625 0.4375 0.017578125 0.046875
 0 0.6376953125 0.541015625 0.076171875 0.04296875