
 0 0.8017578125 0.587890625 0.396484375 0.3671875
 0 0.033203125 0.5732421875 0.06640625 0.068359375
 0 0.0390625 0.583984375 0.078125 0.046875
 3 0.220703125 0.5390625 0.14453125 0.15234375
 3 0.21875 0.54296875 0.1328125 0.14453125
 0 0.287109375 0.5712890625 0.0703125 0.083984375
 0 0.2919921875 0.5712890625 0.060546875 0.076171875
 4 0.37109375 0.2138671875 0.02734375 0.087890625
 0 0.3935546875 0.556640625 0.029296875 0.03515625
 0 0.470703125 0.552734375 0.02734375 0.03515625
 4 0.5986328125 0.4091796875 0.025390625 0.080078125