
 0 0.2265625 0.546875 0.03125 0.03515625
 0 0.17578125 0.544921875 0.0390625 0.05078125
 0 0.337890625 0.5810546875 0.1875 0.251953125
 4 0.2666015625 0.4072265625 0.013671875 0.037109375
 4 0.3134765625 0.39453125 0.017578125 0.05078125
 4 0.3125 0.396484375 0.01171875 0.03125
 4 0.3583984375 0.408203125 0.017578125 0.05078125
 4 0.359375 0.40625 0.01171875 0.03125
 4 0.431640625 0.47265625 0.015625 0.046875
 4 0.5009765625 0.4326171875 0.021484375 0.056640625
 0 0.5419921875 0.541015625 0.072265625 0.05078125