
 0 0.244140625 0.5693359375 0.12109375 0.130859375
 3 0.302734375 0.4990234375 0.109375 0.177734375
 0 0.3671875 0.53515625 0.0234375 0.0859375
 4 0.396484375 0.3935546875 0.015625 0.041015625
 0 0.4296875 0.529296875 0.07421875 0.109375
 4 0.4609375 0.3916015625 0.01953125 0.044921875
 4 0.4599609375 0.390625 0.009765625 0.03125
 0 0.4892578125 0.5078125 0.029296875 0.05078125
 3 0.5439453125 0.4775390625 0.103515625 0.185546875
 0 0.615234375 0.55078125 0.12890625 0.13671875
 0 0.7197265625 0.484375 0.119140625 0.07421875
 0 0.72265625 0.478515625 0.10546875 0.078125
 1 0.6875 0.5048828125 0.015625 0.064453125
 1 0.6865234375 0.5048828125 0.013671875 0.052734375
 1 0.69921875 0.5029296875 0.015625 0.052734375
 1 0.7021484375 0.5087890625 0.009765625 0.060546875
 1 0.71484375 0.5 0.01171875 0.05859375
 1 0.716796875 0.4951171875 0.015625 0.044921875