
 0 0.080078125 0.4853515625 0.05859375 0.060546875
 0 0.0830078125 0.4912109375 0.052734375 0.037109375
 0 0.1220703125 0.4833984375 0.041015625 0.037109375
 0 0.2001953125 0.482421875 0.037109375 0.03515625
 0 0.31640625 0.490234375 0.06640625 0.078125
 0 0.408203125 0.4853515625 0.0546875 0.072265625
 4 0.40234375 0.3857421875 0.015625 0.048828125
 0 0.4482421875 0.4765625 0.025390625 0.0390625
 4 0.443359375 0.384765625 0.01171875 0.04296875
 0 0.5126953125 0.4970703125 0.076171875 0.087890625
 4 0.5556640625 0.4267578125 0.013671875 0.033203125
 4 0.58203125 0.423828125 0.01171875 0.03515625
 3 0.7314453125 0.4404296875 0.099609375 0.087890625