
 0 0.916015625 0.58984375 0.16796875 0.30078125
 0 0.021484375 0.4951171875 0.03515625 0.048828125
 4 0.05859375 0.3798828125 0.01953125 0.044921875
 4 0.05859375 0.3779296875 0.01953125 0.037109375
 4 0.111328125 0.3857421875 0.01953125 0.033203125
 4 0.11328125 0.3837890625 0.015625 0.033203125
 0 0.1650390625 0.4833984375 0.044921875 0.048828125
 0 0.16015625 0.48828125 0.03125 0.0546875
 0 0.1875 0.48828125 0.046875 0.046875
 0 0.1865234375 0.48046875 0.044921875 0.05078125
 4 0.1796875 0.4365234375 0.0234375 0.044921875
 4 0.1787109375 0.4345703125 0.013671875 0.029296875
 0 0.22265625 0.4853515625 0.02734375 0.064453125
 0 0.2587890625 0.4814453125 0.056640625 0.056640625
 0 0.2607421875 0.48828125 0.060546875 0.05859375
 0 0.2978515625 0.4814453125 0.029296875 0.056640625
 0 0.3388671875 0.494140625 0.076171875 0.1015625
 0 0.3837890625 0.4951171875 0.025390625 0.064453125
 0 0.4228515625 0.50390625 0.041015625 0.0703125
 0 0.4736328125 0.5009765625 0.064453125 0.091796875
 0 0.470703125 0.5 0.046875 0.0859375
 0 0.5166015625 0.5009765625 0.056640625 0.115234375
 0 0.521484375 0.5048828125 0.06640625 0.111328125
 0 0.611328125 0.5263671875 0.140625 0.119140625
 0 0.6103515625 0.533203125 0.123046875 0.1328125
 0 0.7490234375 0.5703125 0.162109375 0.22265625