
 0 0.1181640625 0.58203125 0.173828125 0.109375
 0 0.92578125 0.611328125 0.1484375 0.49609375
 0 0.236328125 0.5712890625 0.1875 0.224609375
 0 0.333984375 0.5458984375 0.046875 0.056640625
 0 0.365234375 0.5419921875 0.03515625 0.056640625
 0 0.537109375 0.5654296875 0.203125 0.150390625
 1 0.6435546875 0.5546875 0.033203125 0.15234375
 0 0.685546875 0.5673828125 0.11328125 0.166015625
 0 0.7021484375 0.55859375 0.142578125 0.140625
 0 0.76953125 0.5791015625 0.14453125 0.197265625
 0 0.7685546875 0.576171875 0.115234375 0.18359375
 0 0.8154296875 0.5966796875 0.107421875 0.248046875