
 0 0.072265625 0.5 0.14453125 0.1484375
 0 0.2548828125 0.5009765625 0.033203125 0.041015625
 0 0.328125 0.5048828125 0.05078125 0.052734375
 0 0.33203125 0.501953125 0.03515625 0.046875
 4 0.3583984375 0.3232421875 0.017578125 0.044921875
 4 0.3603515625 0.328125 0.017578125 0.05078125
 0 0.431640625 0.4921875 0.03125 0.03125
 4 0.4775390625 0.3466796875 0.021484375 0.044921875
 4 0.599609375 0.4111328125 0.015625 0.037109375
 1 0.6455078125 0.4814453125 0.017578125 0.080078125
 1 0.6513671875 0.4814453125 0.013671875 0.060546875
 1 0.6591796875 0.484375 0.013671875 0.06640625
 1 0.720703125 0.4833984375 0.03125 0.138671875
 1 0.71484375 0.4970703125 0.01953125 0.142578125
 1 0.8837890625 0.466796875 0.009765625 0.046875
 1 0.888671875 0.4658203125 0.015625 0.044921875
 1 0.8935546875 0.4677734375 0.021484375 0.052734375