
 0 0.111328125 0.5751953125 0.1640625 0.146484375
 0 0.2529296875 0.541015625 0.072265625 0.08984375
 0 0.3505859375 0.630859375 0.240234375 0.2890625
 4 0.2470703125 0.4267578125 0.017578125 0.048828125
 0 0.4580078125 0.5419921875 0.111328125 0.177734375
 0 0.5029296875 0.529296875 0.048828125 0.109375
 0 0.5576171875 0.525390625 0.107421875 0.09765625
 4 0.517578125 0.408203125 0.01953125 0.05859375
 0 0.5703125 0.521484375 0.10546875 0.08203125
 1 0.5654296875 0.52734375 0.029296875 0.125
 1 0.580078125 0.53125 0.015625 0.140625
 1 0.5966796875 0.5234375 0.029296875 0.11328125
 1 0.6357421875 0.51953125 0.025390625 0.109375
 1 0.7197265625 0.4990234375 0.017578125 0.083984375
 1 0.7509765625 0.5048828125 0.044921875 0.072265625
 0 0.896484375 0.6025390625 0.203125 0.525390625