
 0 0.1552734375 0.5625 0.115234375 0.1171875
 2 0.0107421875 0.58203125 0.021484375 0.12109375
 2 0.2392578125 0.546875 0.017578125 0.05078125
 2 0.255859375 0.5439453125 0.015625 0.037109375
 0 0.2978515625 0.5498046875 0.029296875 0.037109375
 0 0.310546875 0.544921875 0.015625 0.0390625
 0 0.3193359375 0.5517578125 0.009765625 0.025390625
 0 0.38671875 0.541015625 0.03515625 0.05078125
 2 0.4560546875 0.541015625 0.013671875 0.04296875
 1 0.5810546875 0.5390625 0.013671875 0.0546875
 0 0.8603515625 0.5205078125 0.095703125 0.041015625