
 0 0.1513671875 0.515625 0.060546875 0.0546875
 0 0.236328125 0.4931640625 0.0390625 0.052734375
 0 0.2392578125 0.5 0.037109375 0.0390625
 4 0.298828125 0.4267578125 0.015625 0.037109375
 4 0.30078125 0.4169921875 0.015625 0.041015625
 0 0.4521484375 0.5068359375 0.068359375 0.080078125
 4 0.44921875 0.375 0.01171875 0.03125
 4 0.44921875 0.3818359375 0.01171875 0.025390625
 4 0.5029296875 0.443359375 0.013671875 0.04296875
 4 0.505859375 0.431640625 0.015625 0.03515625
 4 0.6259765625 0.40625 0.021484375 0.0625
 4 0.6279296875 0.400390625 0.021484375 0.05859375