
 0 0.4326171875 0.515625 0.044921875 0.05859375
 1 0.0302734375 0.544921875 0.017578125 0.1015625
 1 0.0458984375 0.5712890625 0.017578125 0.052734375
 1 0.0615234375 0.5478515625 0.025390625 0.123046875
 1 0.0673828125 0.546875 0.029296875 0.11328125
 1 0.0927734375 0.529296875 0.017578125 0.06640625
 0 0.126953125 0.5556640625 0.078125 0.080078125
 0 0.2275390625 0.544921875 0.083984375 0.09375
 0 0.283203125 0.529296875 0.03125 0.06640625
 0 0.3095703125 0.5185546875 0.029296875 0.064453125
 0 0.5 0.529296875 0.1953125 0.1328125
 4 0.58203125 0.3134765625 0.02734375 0.095703125
 1 0.8828125 0.4755859375 0.0234375 0.123046875
 1 0.8935546875 0.4775390625 0.017578125 0.130859375
 1 0.91015625 0.478515625 0.01953125 0.12109375
 1 0.9853515625 0.48046875 0.025390625 0.16015625