
 0 0.22265625 0.5458984375 0.12109375 0.083984375
 0 0.076171875 0.5419921875 0.15234375 0.302734375
 3 0.1142578125 0.517578125 0.087890625 0.29296875
 3 0.1201171875 0.53515625 0.076171875 0.22265625
 0 0.1728515625 0.568359375 0.052734375 0.140625
 0 0.3037109375 0.5498046875 0.041015625 0.048828125
 0 0.3046875 0.552734375 0.03515625 0.046875
 0 0.3291015625 0.5400390625 0.021484375 0.060546875
 3 0.43359375 0.4892578125 0.14453125 0.287109375
 0 0.638671875 0.5693359375 0.1953125 0.103515625
 0 0.6416015625 0.5712890625 0.201171875 0.095703125
 1 0.7666015625 0.5615234375 0.021484375 0.107421875
 1 0.896484375 0.546875 0.0234375 0.0703125
 1 0.9375 0.552734375 0.0234375 0.08203125