
 0 0.9794921875 0.462890625 0.041015625 0.0390625
 0 0.88671875 0.4677734375 0.04296875 0.029296875
 0 0.509765625 0.48828125 0.01953125 0.015625
 0 0.5224609375 0.490234375 0.021484375 0.01953125
 0 0.45703125 0.4912109375 0.01171875 0.013671875
 0 0.10546875 0.517578125 0.12109375 0.11328125
 0 0.271484375 0.5048828125 0.0546875 0.037109375
 0 0.384765625 0.5166015625 0.07421875 0.091796875
 1 0.58984375 0.494140625 0.01953125 0.06640625
 0 0.849609375 0.4619140625 0.03515625 0.029296875
 0 0.935546875 0.4599609375 0.046875 0.037109375