
 0 0.046875 0.568359375 0.0703125 0.109375
 0 0.15625 0.5400390625 0.12890625 0.068359375
 0 0.244140625 0.5341796875 0.04296875 0.056640625
 0 0.3017578125 0.5224609375 0.044921875 0.048828125
 0 0.400390625 0.6015625 0.21875 0.3046875
 0 0.5361328125 0.5341796875 0.056640625 0.095703125
 0 0.572265625 0.5458984375 0.06640625 0.126953125
 1 0.5830078125 0.490234375 0.033203125 0.0625
 0 0.658203125 0.54296875 0.1484375 0.1875
 0 0.75390625 0.5712890625 0.1953125 0.216796875
 0 0.8955078125 0.6015625 0.205078125 0.32421875