
 0 0.94140625 0.49609375 0.1171875 0.109375
 0 0.0439453125 0.5791015625 0.087890625 0.080078125
 0 0.140625 0.560546875 0.078125 0.0859375
 0 0.1923828125 0.5517578125 0.044921875 0.044921875
 0 0.193359375 0.5537109375 0.04296875 0.056640625
 0 0.25 0.54296875 0.0859375 0.09765625
 4 0.2265625 0.3017578125 0.02734375 0.068359375
 4 0.3076171875 0.27734375 0.025390625 0.06640625
 4 0.3076171875 0.271484375 0.017578125 0.05859375
 0 0.4072265625 0.5400390625 0.130859375 0.181640625
 4 0.3916015625 0.2900390625 0.021484375 0.064453125
 4 0.390625 0.2900390625 0.015625 0.056640625
 4 0.529296875 0.400390625 0.01953125 0.0625
 4 0.529296875 0.41015625 0.01953125 0.046875
 0 0.66015625 0.5107421875 0.08984375 0.072265625
 0 0.7587890625 0.5029296875 0.134765625 0.087890625
 0 0.8388671875 0.4951171875 0.087890625 0.080078125