
 1 0.0185546875 0.5126953125 0.021484375 0.064453125
 1 0.056640625 0.533203125 0.015625 0.08203125
 1 0.07421875 0.5390625 0.01953125 0.08203125
 1 0.0908203125 0.53125 0.021484375 0.07421875
 0 0.1904296875 0.5302734375 0.111328125 0.072265625
 0 0.3369140625 0.6220703125 0.240234375 0.306640625
 4 0.26171875 0.4267578125 0.0234375 0.056640625
 0 0.45703125 0.53125 0.078125 0.16015625
 0 0.501953125 0.5078125 0.05859375 0.0625
 4 0.5068359375 0.4091796875 0.021484375 0.060546875
 1 0.5361328125 0.521484375 0.025390625 0.10546875
 1 0.5478515625 0.5146484375 0.013671875 0.103515625
 1 0.572265625 0.5166015625 0.0234375 0.099609375
 1 0.5751953125 0.49609375 0.021484375 0.0703125
 0 0.828125 0.55859375 0.3359375 0.32421875