
 0 0.8671875 0.6103515625 0.265625 0.287109375
 0 0.1005859375 0.5234375 0.044921875 0.05078125
 0 0.1005859375 0.525390625 0.037109375 0.05078125
 0 0.19140625 0.517578125 0.07421875 0.08984375
 0 0.19140625 0.5166015625 0.0625 0.068359375
 0 0.2685546875 0.4912109375 0.072265625 0.056640625
 0 0.314453125 0.494140625 0.03125 0.046875
 0 0.3720703125 0.501953125 0.072265625 0.109375
 0 0.4345703125 0.4912109375 0.041015625 0.064453125
 0 0.486328125 0.4853515625 0.01953125 0.021484375
 0 0.5263671875 0.4951171875 0.033203125 0.044921875
 0 0.9208984375 0.4619140625 0.146484375 0.103515625