
 0 0.064453125 0.494140625 0.0859375 0.09375
 0 0.1181640625 0.5224609375 0.166015625 0.189453125
 4 0.25 0.3447265625 0.0234375 0.064453125
 4 0.25390625 0.3349609375 0.01953125 0.048828125
 0 0.478515625 0.634765625 0.43359375 0.4765625
 0 0.3125 0.4912109375 0.08984375 0.130859375
 0 0.318359375 0.4970703125 0.0859375 0.099609375
 4 0.306640625 0.34765625 0.01953125 0.05859375
 4 0.384765625 0.3466796875 0.01953125 0.056640625
 4 0.3916015625 0.333984375 0.017578125 0.046875
 4 0.4443359375 0.3505859375 0.033203125 0.076171875
 4 0.4462890625 0.3408203125 0.017578125 0.048828125
 4 0.5693359375 0.4150390625 0.017578125 0.060546875
 4 0.5732421875 0.4072265625 0.017578125 0.044921875
 0 0.826171875 0.4853515625 0.109375 0.095703125
 0 0.9560546875 0.474609375 0.083984375 0.07421875
 0 0.9580078125 0.4755859375 0.080078125 0.060546875