
 0 0.943359375 0.5888671875 0.11328125 0.244140625
 0 0.171875 0.55078125 0.09765625 0.1328125
 0 0.23828125 0.544921875 0.03515625 0.08203125
 0 0.2646484375 0.5419921875 0.025390625 0.052734375
 0 0.2822265625 0.5302734375 0.044921875 0.064453125
 0 0.2841796875 0.53515625 0.041015625 0.0625
 0 0.3125 0.525390625 0.046875 0.0625
 0 0.310546875 0.529296875 0.03125 0.046875
 0 0.3681640625 0.5283203125 0.037109375 0.044921875
 0 0.3671875 0.5302734375 0.02734375 0.033203125
 0 0.419921875 0.5244140625 0.04296875 0.052734375
 0 0.5029296875 0.5341796875 0.048828125 0.064453125
 0 0.548828125 0.5126953125 0.04296875 0.080078125
 0 0.544921875 0.5234375 0.03125 0.0625
 4 0.564453125 0.4521484375 0.015625 0.037109375
 0 0.5810546875 0.529296875 0.044921875 0.0703125
 0 0.6025390625 0.54296875 0.072265625 0.08203125
 0 0.6025390625 0.537109375 0.060546875 0.0703125
 0 0.740234375 0.5595703125 0.16015625 0.142578125