
 0 0.263671875 0.529296875 0.0390625 0.046875
 0 0.0478515625 0.54296875 0.068359375 0.0390625
 0 0.1201171875 0.53125 0.044921875 0.046875
 0 0.1826171875 0.5546875 0.107421875 0.0859375
 0 0.2958984375 0.5341796875 0.029296875 0.041015625
 0 0.3642578125 0.58203125 0.146484375 0.1953125
 4 0.359375 0.375 0.015625 0.04296875
 4 0.41796875 0.4150390625 0.015625 0.044921875
 0 0.4541015625 0.5283203125 0.029296875 0.064453125
 0 0.474609375 0.5380859375 0.046875 0.056640625
 0 0.49609375 0.5458984375 0.03515625 0.095703125
 0 0.5537109375 0.5400390625 0.111328125 0.150390625
 4 0.5400390625 0.3583984375 0.017578125 0.044921875
 1 0.6572265625 0.537109375 0.017578125 0.0625
 0 0.7431640625 0.56640625 0.154296875 0.12890625
 4 0.724609375 0.4599609375 0.01171875 0.037109375
 0 0.9111328125 0.7373046875 0.169921875 0.482421875