
 0 0.072265625 0.5556640625 0.125 0.091796875
 0 0.083984375 0.560546875 0.08203125 0.078125
 0 0.142578125 0.541015625 0.08984375 0.078125
 0 0.205078125 0.537109375 0.07421875 0.0546875
 0 0.24609375 0.53125 0.0546875 0.05078125
 0 0.4091796875 0.537109375 0.083984375 0.1171875
 4 0.46484375 0.455078125 0.01171875 0.03125
 0 0.5478515625 0.50390625 0.091796875 0.0703125
 0 0.5498046875 0.515625 0.091796875 0.0703125
 0 0.580078125 0.529296875 0.1171875 0.07421875
 1 0.7197265625 0.4970703125 0.029296875 0.111328125
 1 0.744140625 0.486328125 0.01953125 0.08984375
 1 0.7490234375 0.4912109375 0.029296875 0.095703125
 1 0.7724609375 0.4892578125 0.025390625 0.099609375