
 0 0.0283203125 0.572265625 0.056640625 0.15625
 0 0.169921875 0.5595703125 0.09765625 0.095703125
 0 0.16796875 0.564453125 0.07421875 0.0625
 0 0.224609375 0.546875 0.03515625 0.06640625
 0 0.2802734375 0.544921875 0.087890625 0.1015625
 0 0.2822265625 0.5458984375 0.072265625 0.080078125
 0 0.3486328125 0.5341796875 0.052734375 0.068359375
 0 0.3466796875 0.533203125 0.048828125 0.0625
 3 0.3623046875 0.498046875 0.033203125 0.0390625
 0 0.40234375 0.5263671875 0.0234375 0.037109375
 0 0.4384765625 0.53515625 0.076171875 0.08203125
 0 0.43359375 0.5380859375 0.05859375 0.064453125
 0 0.509765625 0.5205078125 0.04296875 0.052734375
 0 0.6162109375 0.5625 0.076171875 0.18359375
 0 0.6337890625 0.556640625 0.107421875 0.171875
 0 0.7607421875 0.587890625 0.251953125 0.25