
 2 0.029296875 0.5546875 0.015625 0.06640625
 4 0.0341796875 0.44140625 0.025390625 0.05859375
 2 0.0595703125 0.546875 0.013671875 0.06640625
 3 0.16015625 0.5302734375 0.08203125 0.083984375
 3 0.2255859375 0.5205078125 0.056640625 0.056640625
 0 0.228515625 0.5390625 0.05859375 0.046875
 3 0.3134765625 0.48828125 0.099609375 0.1484375
 0 0.37890625 0.52734375 0.03125 0.03515625
 0 0.4052734375 0.517578125 0.037109375 0.03515625
 4 0.439453125 0.3271484375 0.01953125 0.060546875
 4 0.513671875 0.3291015625 0.0234375 0.064453125
 4 0.6533203125 0.416015625 0.021484375 0.06640625
 0 0.935546875 0.5166015625 0.125 0.107421875