
 0 0.046875 0.5322265625 0.08984375 0.177734375
 0 0.0498046875 0.55078125 0.083984375 0.22265625
 0 0.0947265625 0.580078125 0.126953125 0.171875
 0 0.28515625 0.5888671875 0.32421875 0.416015625
 4 0.31640625 0.328125 0.01953125 0.05859375
 4 0.4130859375 0.326171875 0.021484375 0.05078125
 0 0.4599609375 0.5322265625 0.048828125 0.068359375
 0 0.4521484375 0.548828125 0.029296875 0.0625
 0 0.486328125 0.5166015625 0.0390625 0.044921875
 4 0.4912109375 0.328125 0.021484375 0.05859375
 0 0.5185546875 0.5234375 0.029296875 0.0546875
 0 0.72265625 0.4775390625 0.23046875 0.103515625
 0 0.7998046875 0.6328125 0.376953125 0.3671875
 0 0.63671875 0.54296875 0.046875 0.1171875
 3 0.6669921875 0.4873046875 0.076171875 0.119140625
 4 0.6787109375 0.41796875 0.017578125 0.05078125
 4 0.9296875 0.255859375 0.0546875 0.16015625
 1 0.94921875 0.5126953125 0.02734375 0.056640625
 0 0.97265625 0.515625 0.05078125 0.0625