
 0 0.1220703125 0.5458984375 0.068359375 0.072265625
 0 0.1787109375 0.537109375 0.048828125 0.0625
 0 0.3291015625 0.654296875 0.326171875 0.42578125
 4 0.279296875 0.28125 0.0234375 0.06640625
 4 0.3916015625 0.287109375 0.025390625 0.078125
 1 0.4990234375 0.52734375 0.025390625 0.078125
 1 0.529296875 0.521484375 0.02734375 0.078125
 1 0.544921875 0.5166015625 0.01953125 0.080078125
 4 0.564453125 0.412109375 0.02734375 0.0703125
 1 0.572265625 0.5185546875 0.0234375 0.080078125
 2 0.6552734375 0.5263671875 0.033203125 0.087890625
 1 0.6865234375 0.529296875 0.021484375 0.078125
 1 0.703125 0.5234375 0.01953125 0.0859375
 1 0.724609375 0.521484375 0.01953125 0.0859375
 1 0.791015625 0.5166015625 0.02734375 0.087890625
 1 0.8154296875 0.505859375 0.017578125 0.06640625
 1 0.82421875 0.5205078125 0.03515625 0.083984375
 1 0.81640625 0.517578125 0.015625 0.0703125
 1 0.828125 0.521484375 0.02734375 0.078125
 1 0.9697265625 0.5205078125 0.037109375 0.169921875