
 0 0.0537109375 0.58984375 0.107421875 0.10546875
 1 0.0537109375 0.5302734375 0.021484375 0.029296875
 1 0.0537109375 0.5283203125 0.009765625 0.021484375
 0 0.12890625 0.5615234375 0.08984375 0.103515625
 0 0.1279296875 0.5595703125 0.072265625 0.123046875
 0 0.1923828125 0.5556640625 0.056640625 0.080078125
 0 0.234375 0.5537109375 0.02734375 0.068359375
 1 0.330078125 0.53515625 0.015625 0.0546875
 1 0.3408203125 0.5322265625 0.009765625 0.041015625
 0 0.419921875 0.548828125 0.0703125 0.0859375
 0 0.5693359375 0.5419921875 0.037109375 0.107421875
 0 0.8154296875 0.6025390625 0.326171875 0.294921875
 1 0.8759765625 0.4609375 0.037109375 0.09765625