
 0 0.046875 0.5341796875 0.09375 0.126953125
 0 0.111328125 0.5224609375 0.03125 0.044921875
 0 0.21484375 0.51171875 0.0234375 0.03125
 1 0.2373046875 0.51953125 0.013671875 0.0546875
 0 0.294921875 0.5263671875 0.09375 0.111328125
 1 0.31640625 0.537109375 0.03515625 0.125
 4 0.3916015625 0.3232421875 0.025390625 0.083984375
 1 0.50390625 0.5400390625 0.04296875 0.150390625
 1 0.6123046875 0.5234375 0.041015625 0.16015625
 1 0.66796875 0.5029296875 0.03515625 0.130859375
 1 0.7939453125 0.5068359375 0.033203125 0.150390625
 0 0.9130859375 0.5361328125 0.166015625 0.150390625
 0 0.9150390625 0.54296875 0.162109375 0.1171875