
 0 0.8642578125 0.546875 0.271484375 0.28515625
 0 0.0546875 0.505859375 0.05078125 0.04296875
 0 0.0615234375 0.515625 0.056640625 0.04296875
 0 0.3408203125 0.4951171875 0.037109375 0.052734375
 0 0.34375 0.4912109375 0.04296875 0.064453125
 4 0.4462890625 0.396484375 0.013671875 0.03125
 4 0.4794921875 0.404296875 0.017578125 0.0390625
 4 0.5439453125 0.4521484375 0.013671875 0.029296875
 0 0.556640625 0.4951171875 0.03125 0.048828125
 0 0.58984375 0.5048828125 0.05078125 0.064453125
 4 0.6044921875 0.435546875 0.013671875 0.04296875
 0 0.6884765625 0.5205078125 0.123046875 0.228515625
 0 0.7236328125 0.525390625 0.177734375 0.21484375