
 0 0.1767578125 0.517578125 0.267578125 0.14453125
 1 0.0859375 0.44921875 0.04296875 0.0703125
 4 0.1171875 0.3115234375 0.03125 0.072265625
 4 0.1201171875 0.314453125 0.025390625 0.07421875
 0 0.4833984375 0.4716796875 0.021484375 0.033203125
 0 0.5380859375 0.4833984375 0.017578125 0.056640625
 0 0.5732421875 0.48828125 0.048828125 0.05859375
 0 0.568359375 0.490234375 0.03515625 0.046875
 0 0.611328125 0.4931640625 0.0625 0.072265625
 4 0.611328125 0.2822265625 0.0234375 0.083984375
 0 0.88671875 0.490234375 0.21875 0.1875
 0 0.888671875 0.4990234375 0.20703125 0.173828125
 1 0.798828125 0.4619140625 0.0234375 0.099609375
 1 0.798828125 0.4638671875 0.01953125 0.099609375