
 0 0.8779296875 0.572265625 0.244140625 0.37109375
 0 0.2119140625 0.484375 0.068359375 0.07421875
 4 0.2109375 0.2353515625 0.0234375 0.076171875
 0 0.3046875 0.505859375 0.125 0.14453125
 None 0.3466796875 0.2421875 0.021484375 0.0625
 0 0.3916015625 0.462890625 0.025390625 0.0546875
 0 0.44140625 0.4814453125 0.05859375 0.056640625
 None 0.4326171875 0.25390625 0.029296875 0.05859375
 0 0.4794921875 0.47265625 0.033203125 0.04296875
 3 0.52734375 0.455078125 0.04296875 0.078125
 3 0.525390625 0.4560546875 0.0390625 0.060546875
 None 0.625 0.365234375 0.01953125 0.0546875
 None 0.625 0.365234375 0.015625 0.0546875
 0 0.6806640625 0.490234375 0.126953125 0.078125
 None 0.8125 0.2421875 0.03515625 0.1171875
 None 0.8134765625 0.248046875 0.029296875 0.12109375