
 1 0.4697265625 0.5341796875 0.013671875 0.068359375
 0 0.1572265625 0.525390625 0.048828125 0.0625
 0 0.19921875 0.53125 0.03515625 0.04296875
 0 0.203125 0.529296875 0.03515625 0.0390625
 3 0.2783203125 0.4873046875 0.087890625 0.146484375
 4 0.24609375 0.37890625 0.01953125 0.05078125
 4 0.353515625 0.4384765625 0.01953125 0.048828125
 0 0.3974609375 0.5615234375 0.099609375 0.115234375
 1 0.4970703125 0.529296875 0.017578125 0.0859375
 1 0.5576171875 0.525390625 0.025390625 0.09765625
 2 0.6142578125 0.5234375 0.044921875 0.125
 2 0.7099609375 0.5166015625 0.060546875 0.162109375
 2 0.712890625 0.5107421875 0.05078125 0.169921875