
 0 0.05078125 0.5 0.1015625 0.3515625
 0 0.056640625 0.5 0.06640625 0.1015625
 0 0.1455078125 0.525390625 0.041015625 0.06640625
 0 0.1826171875 0.529296875 0.056640625 0.0546875
 0 0.2646484375 0.513671875 0.201171875 0.234375
 4 0.1884765625 0.3212890625 0.021484375 0.064453125
 4 0.259765625 0.318359375 0.01953125 0.06640625
 4 0.36328125 0.3271484375 0.01953125 0.056640625
 0 0.40625 0.513671875 0.0390625 0.04296875
 4 0.4365234375 0.3388671875 0.033203125 0.076171875
 0 0.4775390625 0.5341796875 0.103515625 0.134765625
 4 0.5947265625 0.431640625 0.017578125 0.0625
 0 0.8798828125 0.5234375 0.056640625 0.0859375
 0 0.9501953125 0.5263671875 0.095703125 0.095703125