
 0 0.41015625 0.5283203125 0.02734375 0.033203125
 0 0.0224609375 0.5654296875 0.044921875 0.052734375
 0 0.2041015625 0.5458984375 0.060546875 0.052734375
 0 0.203125 0.546875 0.05078125 0.0546875
 0 0.3583984375 0.5322265625 0.033203125 0.041015625
 0 0.462890625 0.533203125 0.04296875 0.05859375
 0 0.5283203125 0.556640625 0.095703125 0.125
 3 0.578125 0.5224609375 0.0390625 0.060546875
 0 0.58203125 0.5205078125 0.04296875 0.072265625
 0 0.669921875 0.546875 0.0625 0.0703125
 0 0.8828125 0.587890625 0.2265625 0.1875
 0 0.96875 0.544921875 0.03515625 0.0625