
 0 0.04296875 0.5517578125 0.0859375 0.134765625
 0 0.833984375 0.5751953125 0.33203125 0.419921875
 0 0.26171875 0.5185546875 0.0625 0.072265625
 0 0.2607421875 0.513671875 0.052734375 0.0546875
 0 0.3515625 0.5126953125 0.05078125 0.068359375
 0 0.359375 0.517578125 0.0546875 0.046875
 0 0.4365234375 0.5185546875 0.044921875 0.048828125
 0 0.4384765625 0.5263671875 0.048828125 0.064453125
 2 0.513671875 0.5087890625 0.01953125 0.060546875
 2 0.5166015625 0.5185546875 0.017578125 0.072265625
 0 0.650390625 0.4921875 0.171875 0.26953125
 0 0.654296875 0.4912109375 0.17578125 0.208984375