
 0 0.857421875 0.5078125 0.265625 0.1640625
 0 0.08203125 0.5322265625 0.16015625 0.115234375
 1 0.1630859375 0.544921875 0.095703125 0.32421875
 0 0.224609375 0.513671875 0.0625 0.078125
 3 0.3623046875 0.4697265625 0.091796875 0.146484375
 0 0.3720703125 0.3798828125 0.095703125 0.146484375
 1 0.419921875 0.498046875 0.01953125 0.078125
 1 0.4248046875 0.5048828125 0.017578125 0.068359375
 1 0.4326171875 0.498046875 0.013671875 0.0703125
 1 0.4462890625 0.4970703125 0.017578125 0.068359375
 4 0.4775390625 0.322265625 0.017578125 0.0546875
 4 0.5439453125 0.3193359375 0.017578125 0.056640625
 0 0.658203125 0.5009765625 0.10546875 0.060546875
 1 0.6650390625 0.5615234375 0.076171875 0.318359375
 4 0.67578125 0.400390625 0.01953125 0.0625