
 0 0.5166015625 0.5478515625 0.150390625 0.119140625
 0 0.0234375 0.5537109375 0.046875 0.111328125
 0 0.2724609375 0.6572265625 0.333984375 0.455078125
 4 0.34765625 0.3037109375 0.01953125 0.060546875
 4 0.4599609375 0.306640625 0.021484375 0.05859375
 4 0.5556640625 0.3427734375 0.029296875 0.076171875
 4 0.556640625 0.3427734375 0.01953125 0.056640625
 0 0.78125 0.5654296875 0.37890625 0.384765625
 4 0.673828125 0.4150390625 0.015625 0.044921875
 0 0.91015625 0.6962890625 0.17578125 0.603515625