
 0 0.056640625 0.544921875 0.11328125 0.16015625
 0 0.119140625 0.546875 0.0859375 0.1015625
 3 0.130859375 0.4970703125 0.0859375 0.064453125
 0 0.2451171875 0.5498046875 0.111328125 0.111328125
 0 0.3740234375 0.5380859375 0.142578125 0.177734375
 4 0.3349609375 0.3525390625 0.013671875 0.037109375
 4 0.4169921875 0.3466796875 0.013671875 0.037109375
 4 0.4833984375 0.349609375 0.013671875 0.0390625
 0 0.619140625 0.5400390625 0.10546875 0.123046875
 4 0.6435546875 0.423828125 0.017578125 0.046875
 4 0.6435546875 0.4228515625 0.013671875 0.033203125
 0 0.7080078125 0.5087890625 0.103515625 0.099609375
 0 0.7099609375 0.5087890625 0.103515625 0.072265625
 4 0.7607421875 0.3271484375 0.029296875 0.087890625
 0 0.8759765625 0.5224609375 0.248046875 0.267578125