
 4 0.0068359375 0.4541015625 0.013671875 0.048828125
 0 0.0419921875 0.546875 0.068359375 0.0625
 0 0.2041015625 0.517578125 0.048828125 0.0625
 4 0.197265625 0.3271484375 0.01953125 0.056640625
 0 0.287109375 0.5205078125 0.03125 0.048828125
 4 0.287109375 0.333984375 0.01953125 0.046875
 0 0.318359375 0.515625 0.03515625 0.0546875
 4 0.41015625 0.421875 0.015625 0.05078125
 0 0.548828125 0.5146484375 0.16015625 0.142578125
 0 0.6787109375 0.4794921875 0.123046875 0.083984375
 0 0.7568359375 0.5888671875 0.263671875 0.205078125
 4 0.7265625 0.2880859375 0.03125 0.111328125
 0 0.8056640625 0.451171875 0.138671875 0.06640625
 1 0.8037109375 0.474609375 0.033203125 0.09375
 1 0.802734375 0.4765625 0.0234375 0.05859375