
 0 0.0361328125 0.5751953125 0.072265625 0.115234375
 0 0.111328125 0.55078125 0.08203125 0.09765625
 0 0.1904296875 0.55078125 0.064453125 0.06640625
 0 0.1923828125 0.5556640625 0.060546875 0.076171875
 0 0.3505859375 0.52734375 0.033203125 0.0546875
 0 0.4091796875 0.546875 0.083984375 0.10546875
 0 0.4501953125 0.5185546875 0.037109375 0.048828125
 0 0.8408203125 0.6064453125 0.310546875 0.287109375
 1 0.7431640625 0.46875 0.029296875 0.05859375
 1 0.7451171875 0.4814453125 0.017578125 0.064453125
 1 0.8369140625 0.451171875 0.033203125 0.05078125