
 0 0.3349609375 0.5244140625 0.021484375 0.029296875
 0 0.3359375 0.5234375 0.01953125 0.0234375
 4 0.3515625 0.4091796875 0.01171875 0.033203125
 0 0.3603515625 0.5185546875 0.021484375 0.033203125
 0 0.36328125 0.5205078125 0.01953125 0.029296875
 0 0.3818359375 0.5244140625 0.029296875 0.037109375
 0 0.3818359375 0.521484375 0.025390625 0.0390625
 4 0.416015625 0.462890625 0.0078125 0.02734375
 4 0.431640625 0.4580078125 0.01953125 0.041015625
 4 0.43359375 0.4599609375 0.01171875 0.037109375