
 1 0.9638671875 0.6376953125 0.072265625 0.724609375
 1 0.0205078125 0.5654296875 0.041015625 0.115234375
 0 0.1474609375 0.54296875 0.060546875 0.08203125
 0 0.1484375 0.5400390625 0.05078125 0.064453125
 0 0.2119140625 0.533203125 0.099609375 0.125
 0 0.20703125 0.5400390625 0.0859375 0.107421875
 0 0.3193359375 0.5205078125 0.052734375 0.080078125
 0 0.419921875 0.5224609375 0.07421875 0.091796875
 0 0.41796875 0.52734375 0.0625 0.08984375
 4 0.5107421875 0.3505859375 0.025390625 0.087890625
 1 0.58203125 0.5126953125 0.03125 0.111328125
 1 0.7890625 0.6220703125 0.09375 0.646484375
 1 0.904296875 0.583984375 0.08984375 0.6171875