
 0 0.900390625 0.6328125 0.19921875 0.33984375
 0 0.03125 0.5888671875 0.0625 0.095703125
 0 0.064453125 0.5751953125 0.03515625 0.072265625
 0 0.0908203125 0.560546875 0.044921875 0.078125
 0 0.23046875 0.5517578125 0.046875 0.044921875
 0 0.337890625 0.552734375 0.12109375 0.1640625
 0 0.404296875 0.54296875 0.03125 0.05859375
 0 0.421875 0.537109375 0.02734375 0.078125
 0 0.44140625 0.53515625 0.03515625 0.07421875
 0 0.4443359375 0.5322265625 0.037109375 0.076171875
 0 0.455078125 0.5478515625 0.03125 0.072265625
 0 0.4560546875 0.5478515625 0.033203125 0.056640625
 0 0.5078125 0.5419921875 0.08984375 0.119140625
 0 0.515625 0.5380859375 0.09375 0.123046875
 0 0.5771484375 0.5546875 0.103515625 0.15625
 0 0.7255859375 0.5888671875 0.259765625 0.263671875