
 0 0.2216796875 0.548828125 0.126953125 0.1328125
 4 0.2490234375 0.1630859375 0.037109375 0.126953125
 0 0.3857421875 0.5400390625 0.091796875 0.115234375
 0 0.43359375 0.5224609375 0.046875 0.099609375
 0 0.501953125 0.5498046875 0.1171875 0.158203125
 4 0.4892578125 0.0537109375 0.037109375 0.107421875
 0 0.66015625 0.5419921875 0.10546875 0.126953125
 0 0.751953125 0.5224609375 0.046875 0.056640625
 0 0.8037109375 0.5244140625 0.056640625 0.076171875
 2 0.8359375 0.541015625 0.08203125 0.16015625
 4 0.8271484375 0.3017578125 0.025390625 0.080078125
 0 0.9130859375 0.5341796875 0.115234375 0.080078125