
 0 0.109375 0.5498046875 0.0546875 0.064453125
 0 0.1884765625 0.5546875 0.103515625 0.08984375
 0 0.26171875 0.5302734375 0.05859375 0.072265625
 0 0.2958984375 0.537109375 0.037109375 0.0625
 0 0.333984375 0.541015625 0.05859375 0.0703125
 4 0.314453125 0.4443359375 0.015625 0.033203125
 4 0.3505859375 0.4267578125 0.017578125 0.044921875
 0 0.40625 0.5400390625 0.0703125 0.091796875
 4 0.392578125 0.41015625 0.01953125 0.0390625
 4 0.3955078125 0.408203125 0.017578125 0.046875
 0 0.6494140625 0.5048828125 0.056640625 0.052734375
 0 0.6767578125 0.521484375 0.037109375 0.1015625
 0 0.724609375 0.5107421875 0.0703125 0.080078125
 0 0.84765625 0.501953125 0.13671875 0.140625
 0 0.8515625 0.505859375 0.07421875 0.08984375