
 1 0.01953125 0.541015625 0.0234375 0.08203125
 0 0.1279296875 0.5419921875 0.052734375 0.060546875
 0 0.1611328125 0.5361328125 0.044921875 0.060546875
 0 0.2490234375 0.52734375 0.029296875 0.03125
 0 0.3564453125 0.578125 0.228515625 0.3203125
 0 0.458984375 0.544921875 0.046875 0.125
 1 0.482421875 0.5224609375 0.0234375 0.080078125
 1 0.482421875 0.5283203125 0.01953125 0.068359375
 0 0.5029296875 0.5244140625 0.044921875 0.060546875
 0 0.5048828125 0.5234375 0.037109375 0.0546875
 0 0.6103515625 0.5048828125 0.056640625 0.064453125
 0 0.78515625 0.5595703125 0.24609375 0.279296875
 0 0.8916015625 0.6328125 0.212890625 0.546875