
 1 0.9443359375 0.5478515625 0.021484375 0.115234375
 0 0.0224609375 0.578125 0.033203125 0.18359375
 0 0.08984375 0.5810546875 0.12890625 0.177734375
 3 0.0849609375 0.48828125 0.111328125 0.0859375
 0 0.2841796875 0.591796875 0.330078125 0.421875
 4 0.3173828125 0.328125 0.017578125 0.0546875
 4 0.4140625 0.326171875 0.01953125 0.046875
 0 0.45703125 0.52734375 0.046875 0.0625
 0 0.4599609375 0.521484375 0.048828125 0.078125
 4 0.4912109375 0.326171875 0.017578125 0.0546875
 0 0.5751953125 0.53515625 0.138671875 0.11328125
 0 0.6904296875 0.5625 0.150390625 0.171875
 4 0.6787109375 0.41796875 0.017578125 0.046875
 3 0.8154296875 0.48046875 0.119140625 0.12109375
 0 0.8779296875 0.4814453125 0.232421875 0.162109375
 0 0.888671875 0.525390625 0.14453125 0.08203125
 4 0.9287109375 0.2568359375 0.048828125 0.154296875