
 0 0.1826171875 0.625 0.365234375 0.6171875
 4 0.3466796875 0.43359375 0.017578125 0.0625
 0 0.404296875 0.5859375 0.1171875 0.23046875
 4 0.474609375 0.35546875 0.015625 0.05078125
 0 0.51171875 0.537109375 0.03125 0.0390625
 4 0.5244140625 0.4296875 0.017578125 0.0546875
 4 0.7060546875 0.318359375 0.041015625 0.12109375
 1 0.7001953125 0.5283203125 0.009765625 0.068359375
 1 0.7275390625 0.5263671875 0.021484375 0.076171875
 1 0.7265625 0.5166015625 0.015625 0.052734375
 0 0.9033203125 0.533203125 0.111328125 0.109375
 0 0.869140625 0.5546875 0.04296875 0.0703125
 0 0.9404296875 0.5400390625 0.107421875 0.111328125
 0 0.9267578125 0.55078125 0.064453125 0.0859375
 0 0.9755859375 0.53515625 0.048828125 0.109375