
 0 0.0576171875 0.53515625 0.115234375 0.171875
 0 0.3115234375 0.49609375 0.068359375 0.09375
 0 0.365234375 0.49609375 0.03125 0.04296875
 4 0.44921875 0.4208984375 0.015625 0.037109375
 0 0.4931640625 0.505859375 0.091796875 0.12109375
 4 0.4892578125 0.400390625 0.013671875 0.05078125
 0 0.5380859375 0.486328125 0.029296875 0.0546875
 0 0.58203125 0.4931640625 0.04296875 0.119140625
 0 0.626953125 0.5146484375 0.046875 0.150390625
 0 0.66796875 0.53125 0.05078125 0.17578125
 0 0.8193359375 0.5830078125 0.318359375 0.298828125