
 1 0.5986328125 0.51171875 0.013671875 0.0859375
 1 0.0517578125 0.546875 0.021484375 0.08203125
 1 0.064453125 0.5361328125 0.01953125 0.076171875
 1 0.080078125 0.52734375 0.015625 0.0546875
 0 0.1533203125 0.537109375 0.111328125 0.0703125
 0 0.31640625 0.6396484375 0.28125 0.341796875
 4 0.2568359375 0.4228515625 0.021484375 0.056640625
 0 0.4619140625 0.53515625 0.083984375 0.171875
 0 0.5078125 0.5107421875 0.05859375 0.060546875
 4 0.5087890625 0.4072265625 0.021484375 0.060546875
 1 0.5458984375 0.525390625 0.025390625 0.10546875
 1 0.556640625 0.5146484375 0.015625 0.107421875
 1 0.5771484375 0.498046875 0.021484375 0.0703125
 1 0.5771484375 0.5126953125 0.021484375 0.115234375
 1 0.623046875 0.490234375 0.01953125 0.0546875
 0 0.8466796875 0.5751953125 0.294921875 0.408203125
 1 0.734375 0.45703125 0.01953125 0.05859375