
 0 0.4482421875 0.4482421875 0.048828125 0.029296875
 0 0.4521484375 0.474609375 0.048828125 0.0546875
 0 0.455078125 0.47265625 0.046875 0.04296875
 0 0.5712890625 0.482421875 0.048828125 0.05859375
 4 0.5654296875 0.2421875 0.021484375 0.0625
 0 0.578125 0.4814453125 0.046875 0.044921875
 4 0.5654296875 0.2236328125 0.017578125 0.052734375
 4 0.67578125 0.240234375 0.01953125 0.06640625
 4 0.6748046875 0.259765625 0.017578125 0.04296875
 0 0.8564453125 0.478515625 0.041015625 0.05078125
 4 0.9609375 0.380859375 0.01953125 0.03125
 4 0.96484375 0.373046875 0.01953125 0.06640625