
 0 0.0185546875 0.603515625 0.037109375 0.078125
 0 0.0478515625 0.5908203125 0.091796875 0.107421875
 0 0.0634765625 0.599609375 0.048828125 0.09765625
 0 0.1435546875 0.55078125 0.111328125 0.0859375
 0 0.115234375 0.6005859375 0.046875 0.087890625
 0 0.15234375 0.5439453125 0.08203125 0.072265625
 0 0.146484375 0.5986328125 0.03125 0.060546875
 0 0.21875 0.5537109375 0.078125 0.056640625
 0 0.205078125 0.5869140625 0.04296875 0.083984375
 3 0.38671875 0.45703125 0.24609375 0.515625
 1 0.544921875 0.572265625 0.0234375 0.12109375
 1 0.5615234375 0.5791015625 0.017578125 0.115234375
 1 0.7685546875 0.53125 0.041015625 0.0625
 1 0.9853515625 0.5556640625 0.025390625 0.169921875