
 0 0.91796875 0.5947265625 0.1640625 0.353515625
 0 0.1103515625 0.568359375 0.150390625 0.19140625
 0 0.228515625 0.5458984375 0.12109375 0.142578125
 0 0.294921875 0.5302734375 0.0625 0.083984375
 0 0.3369140625 0.529296875 0.033203125 0.08203125
 0 0.35546875 0.517578125 0.03515625 0.07421875
 0 0.3779296875 0.5166015625 0.037109375 0.068359375
 0 0.3876953125 0.50390625 0.041015625 0.0703125
 0 0.642578125 0.5322265625 0.05078125 0.091796875
 0 0.6728515625 0.537109375 0.052734375 0.125
 0 0.734375 0.544921875 0.12109375 0.1328125