
 0 0.06640625 0.5068359375 0.01953125 0.021484375
 0 0.1279296875 0.5224609375 0.060546875 0.056640625
 0 0.2021484375 0.482421875 0.017578125 0.0234375
 0 0.248046875 0.5029296875 0.0234375 0.025390625
 4 0.251953125 0.3994140625 0.01953125 0.041015625
 4 0.2509765625 0.3974609375 0.013671875 0.033203125
 0 0.31640625 0.5068359375 0.03125 0.060546875
 0 0.3134765625 0.5078125 0.021484375 0.0546875
 4 0.3134765625 0.392578125 0.017578125 0.046875
 3 0.3447265625 0.494140625 0.068359375 0.11328125
 4 0.361328125 0.39453125 0.01953125 0.04296875
 4 0.51953125 0.4296875 0.02734375 0.0546875