
 0 0.8984375 0.5654296875 0.19921875 0.177734375
 0 0.435546875 0.51953125 0.08984375 0.12890625
 4 0.4453125 0.408203125 0.015625 0.03125
 4 0.4501953125 0.41015625 0.017578125 0.03125
 4 0.4794921875 0.4228515625 0.013671875 0.025390625
 4 0.4814453125 0.41796875 0.013671875 0.03125
 4 0.544921875 0.4609375 0.01171875 0.01953125
 4 0.552734375 0.4521484375 0.01953125 0.037109375
 4 0.5537109375 0.453125 0.013671875 0.0234375
 0 0.5888671875 0.513671875 0.048828125 0.0703125
 0 0.6787109375 0.5263671875 0.099609375 0.107421875
 0 0.7236328125 0.478515625 0.048828125 0.04296875