
 3 0.05859375 0.478515625 0.1171875 0.10546875
 0 0.0869140625 0.5361328125 0.119140625 0.072265625
 0 0.0849609375 0.537109375 0.115234375 0.06640625
 0 0.2138671875 0.5263671875 0.080078125 0.044921875
 0 0.2373046875 0.5390625 0.087890625 0.0625
 4 0.294921875 0.4345703125 0.015625 0.048828125
 4 0.2958984375 0.4287109375 0.013671875 0.033203125
 0 0.369140625 0.5419921875 0.109375 0.126953125
 0 0.427734375 0.53125 0.0625 0.07421875
 0 0.494140625 0.5458984375 0.08984375 0.123046875
 4 0.529296875 0.337890625 0.015625 0.04296875
 4 0.52734375 0.3369140625 0.01171875 0.041015625
 0 0.6083984375 0.5029296875 0.048828125 0.048828125
 4 0.595703125 0.330078125 0.015625 0.0390625
 0 0.658203125 0.5302734375 0.1171875 0.162109375
 4 0.70703125 0.4091796875 0.01171875 0.037109375
 4 0.7548828125 0.3583984375 0.021484375 0.076171875
 1 0.7734375 0.505859375 0.015625 0.07421875
 1 0.787109375 0.5029296875 0.01953125 0.083984375
 1 0.787109375 0.4931640625 0.015625 0.083984375
 1 0.8193359375 0.4921875 0.013671875 0.08984375
 0 0.8623046875 0.5048828125 0.029296875 0.048828125