
 1 0.0615234375 0.51953125 0.021484375 0.08203125
 1 0.0849609375 0.525390625 0.017578125 0.09375
 1 0.0966796875 0.51953125 0.013671875 0.08203125
 3 0.1728515625 0.48828125 0.150390625 0.17578125
 3 0.3076171875 0.474609375 0.083984375 0.16796875
 0 0.3994140625 0.5029296875 0.056640625 0.072265625
 2 0.4521484375 0.5087890625 0.029296875 0.087890625
 1 0.67578125 0.4765625 0.01953125 0.07421875
 1 0.7060546875 0.462890625 0.017578125 0.06640625
 1 0.7216796875 0.4619140625 0.025390625 0.072265625
 1 0.7978515625 0.4521484375 0.021484375 0.091796875
 0 0.8466796875 0.494140625 0.044921875 0.04296875
 0 0.9560546875 0.490234375 0.060546875 0.0625