
 0 0.05078125 0.54296875 0.046875 0.09375
 0 0.119140625 0.568359375 0.16015625 0.2109375
 4 0.255859375 0.3828125 0.01953125 0.0546875
 0 0.2666015625 0.5234375 0.033203125 0.046875
 0 0.3388671875 0.55859375 0.142578125 0.1640625
 0 0.34375 0.5576171875 0.13671875 0.150390625
 3 0.365234375 0.4697265625 0.12890625 0.119140625
 0 0.4970703125 0.50390625 0.052734375 0.0546875
 4 0.521484375 0.3525390625 0.02734375 0.056640625
 0 0.5615234375 0.517578125 0.048828125 0.0625
 0 0.673828125 0.494140625 0.08984375 0.0703125
 0 0.8525390625 0.4814453125 0.076171875 0.080078125