
 0 0.115234375 0.5576171875 0.0703125 0.072265625
 0 0.1943359375 0.53515625 0.037109375 0.05859375
 0 0.2265625 0.5390625 0.02734375 0.05078125
 0 0.408203125 0.53515625 0.09375 0.12890625
 4 0.40234375 0.474609375 0.01171875 0.03515625
 0 0.458984375 0.53125 0.04296875 0.0859375
 4 0.4599609375 0.4423828125 0.009765625 0.029296875
 4 0.482421875 0.4794921875 0.01171875 0.029296875
 4 0.5185546875 0.4580078125 0.009765625 0.029296875
 0 0.552734375 0.5361328125 0.0625 0.083984375
 0 0.626953125 0.5419921875 0.11328125 0.138671875
 0 0.8583984375 0.607421875 0.279296875 0.28515625