
 3 0.06640625 0.486328125 0.12109375 0.15234375
 0 0.1259765625 0.5556640625 0.091796875 0.091796875
 0 0.1943359375 0.4814453125 0.130859375 0.119140625
 3 0.1845703125 0.5029296875 0.095703125 0.138671875
 0 0.2958984375 0.61328125 0.244140625 0.296875
 3 0.3984375 0.509765625 0.12109375 0.1953125
 0 0.4287109375 0.51953125 0.072265625 0.26953125
 0 0.5009765625 0.53125 0.041015625 0.06640625
 0 0.552734375 0.52734375 0.046875 0.15625
 0 0.578125 0.5205078125 0.09375 0.126953125
 0 0.642578125 0.55078125 0.16015625 0.16015625
 3 0.7392578125 0.4755859375 0.119140625 0.189453125
 0 0.7431640625 0.474609375 0.087890625 0.1484375