
 0 0.9169921875 0.505859375 0.166015625 0.11328125
 3 0.0498046875 0.4970703125 0.099609375 0.115234375
 3 0.0537109375 0.509765625 0.107421875 0.109375
 0 0.2001953125 0.517578125 0.041015625 0.05859375
 4 0.2275390625 0.435546875 0.021484375 0.046875
 0 0.2509765625 0.52734375 0.037109375 0.046875
 0 0.3369140625 0.5244140625 0.041015625 0.052734375
 0 0.48046875 0.51953125 0.046875 0.05078125
 0 0.4814453125 0.5234375 0.044921875 0.0390625
 4 0.5283203125 0.41796875 0.017578125 0.046875
 0 0.8037109375 0.5087890625 0.064453125 0.060546875