
 0 0.03515625 0.431640625 0.0703125 0.078125
 0 0.0458984375 0.494140625 0.091796875 0.09375
 0 0.1328125 0.4755859375 0.08203125 0.068359375
 0 0.23828125 0.4765625 0.0859375 0.0625
 4 0.4189453125 0.4375 0.013671875 0.0234375
 0 0.5146484375 0.498046875 0.052734375 0.09765625
 4 0.4970703125 0.40234375 0.013671875 0.02734375
 0 0.6591796875 0.4970703125 0.056640625 0.064453125
 0 0.759765625 0.53125 0.109375 0.109375
 0 0.861328125 0.5126953125 0.078125 0.076171875
 0 0.92578125 0.5078125 0.05078125 0.06640625