
 3 0.0634765625 0.4833984375 0.126953125 0.181640625
 0 0.1142578125 0.5625 0.107421875 0.11328125
 0 0.1787109375 0.478515625 0.130859375 0.12890625
 0 0.28515625 0.625 0.29296875 0.34765625
 0 0.3837890625 0.498046875 0.158203125 0.26171875
 0 0.43359375 0.5205078125 0.078125 0.259765625
 0 0.5107421875 0.5390625 0.060546875 0.0859375
 0 0.53125 0.533203125 0.02734375 0.109375
 0 0.5732421875 0.52734375 0.087890625 0.16015625
 0 0.654296875 0.5576171875 0.17578125 0.181640625
 3 0.748046875 0.4765625 0.109375 0.1953125
 0 0.7529296875 0.4833984375 0.107421875 0.181640625