
 0 0.3857421875 0.5185546875 0.013671875 0.013671875
 3 0.068359375 0.5224609375 0.12109375 0.080078125
 0 0.1455078125 0.576171875 0.146484375 0.140625
 1 0.2158203125 0.537109375 0.021484375 0.0625
 4 0.3603515625 0.2021484375 0.037109375 0.083984375
 0 0.4345703125 0.5263671875 0.064453125 0.064453125
 4 0.599609375 0.359375 0.02734375 0.08984375
 1 0.744140625 0.533203125 0.05859375 0.16796875
 1 0.787109375 0.5205078125 0.02734375 0.134765625
 1 0.8203125 0.55078125 0.0390625 0.19140625
 1 0.8837890625 0.5419921875 0.052734375 0.185546875
 4 0.9560546875 0.087890625 0.083984375 0.171875