
 0 0.1328125 0.5615234375 0.1171875 0.142578125
 0 0.1953125 0.548828125 0.04296875 0.0859375
 0 0.1962890625 0.546875 0.041015625 0.0859375
 0 0.234375 0.5341796875 0.0546875 0.072265625
 0 0.236328125 0.5390625 0.046875 0.05859375
 0 0.267578125 0.5185546875 0.0390625 0.052734375
 0 0.26953125 0.5224609375 0.02734375 0.056640625
 0 0.5986328125 0.4853515625 0.052734375 0.048828125
 0 0.59765625 0.48828125 0.046875 0.03515625
 0 0.6689453125 0.4697265625 0.048828125 0.041015625
 0 0.6669921875 0.466796875 0.037109375 0.03515625
 0 0.748046875 0.453125 0.03125 0.0234375
 0 0.9560546875 0.4169921875 0.083984375 0.041015625
 0 0.9580078125 0.419921875 0.080078125 0.03515625