
 0 0.9580078125 0.5439453125 0.083984375 0.126953125
 0 0.064453125 0.4609375 0.078125 0.05859375
 0 0.107421875 0.4580078125 0.02734375 0.048828125
 0 0.130859375 0.4638671875 0.03515625 0.044921875
 0 0.17578125 0.470703125 0.05078125 0.05859375
 0 0.212890625 0.462890625 0.03125 0.0546875
 0 0.251953125 0.4697265625 0.04296875 0.064453125
 0 0.291015625 0.4814453125 0.03515625 0.044921875
 0 0.30078125 0.484375 0.05078125 0.046875
 0 0.3310546875 0.4697265625 0.033203125 0.048828125
 4 0.4306640625 0.453125 0.013671875 0.0234375
 0 0.4794921875 0.5087890625 0.099609375 0.154296875
 4 0.4921875 0.4248046875 0.01171875 0.029296875
 0 0.60546875 0.501953125 0.04296875 0.0546875
 0 0.7275390625 0.521484375 0.068359375 0.08203125
 0 0.73828125 0.5146484375 0.05859375 0.076171875
 0 0.85546875 0.53125 0.14453125 0.15234375