
 0 0.9052734375 0.7275390625 0.189453125 0.470703125
 0 0.1484375 0.5625 0.09375 0.11328125
 1 0.12109375 0.533203125 0.01953125 0.04296875
 0 0.2099609375 0.55078125 0.041015625 0.0859375
 0 0.240234375 0.544921875 0.02734375 0.0625
 0 0.3388671875 0.5263671875 0.017578125 0.033203125
 0 0.390625 0.5341796875 0.09765625 0.146484375
 0 0.4501953125 0.5185546875 0.021484375 0.048828125
 0 0.537109375 0.5361328125 0.0859375 0.099609375
 0 0.77734375 0.6162109375 0.32421875 0.302734375
 0 0.71875 0.6201171875 0.19921875 0.287109375
 1 0.6630859375 0.5048828125 0.033203125 0.080078125
 1 0.6630859375 0.5048828125 0.029296875 0.068359375
 1 0.71484375 0.4638671875 0.015625 0.029296875