
 1 0.6240234375 0.5 0.009765625 0.04296875
 1 0.576171875 0.50390625 0.01171875 0.04296875
 1 0.509765625 0.5107421875 0.01171875 0.044921875
 0 0.064453125 0.5341796875 0.12890625 0.173828125
 4 0.111328125 0.470703125 0.01953125 0.04296875
 4 0.111328125 0.4677734375 0.01171875 0.029296875
 0 0.1611328125 0.5400390625 0.064453125 0.091796875
 0 0.2275390625 0.53125 0.064453125 0.078125
 4 0.3349609375 0.361328125 0.013671875 0.0390625
 4 0.3408203125 0.365234375 0.013671875 0.03515625
 0 0.4150390625 0.5234375 0.056640625 0.0703125
 4 0.404296875 0.36328125 0.01171875 0.03515625
 0 0.4677734375 0.5146484375 0.052734375 0.048828125
 4 0.5078125 0.4404296875 0.01171875 0.041015625
 4 0.564453125 0.3642578125 0.0234375 0.064453125
 4 0.5615234375 0.3720703125 0.013671875 0.064453125
 0 0.64453125 0.5048828125 0.05859375 0.041015625