
 0 0.91015625 0.6240234375 0.1796875 0.361328125
 0 0.0361328125 0.576171875 0.068359375 0.08203125
 0 0.193359375 0.55859375 0.046875 0.0390625
 0 0.3291015625 0.5654296875 0.107421875 0.154296875
 0 0.388671875 0.552734375 0.02734375 0.078125
 0 0.4462890625 0.5546875 0.056640625 0.08984375
 0 0.474609375 0.5703125 0.03515625 0.0703125
 0 0.5244140625 0.5673828125 0.080078125 0.123046875
 0 0.580078125 0.564453125 0.07421875 0.140625
 0 0.6611328125 0.564453125 0.099609375 0.21484375
 0 0.78515625 0.58203125 0.21875 0.27734375