
 0 0.06640625 0.5634765625 0.125 0.115234375
 0 0.134765625 0.5439453125 0.03515625 0.052734375
 0 0.140625 0.5380859375 0.03515625 0.052734375
 0 0.3173828125 0.53125 0.044921875 0.0390625
 0 0.31640625 0.53125 0.03125 0.0390625
 0 0.3974609375 0.5205078125 0.037109375 0.056640625
 0 0.435546875 0.5185546875 0.03515625 0.056640625
 0 0.4921875 0.5205078125 0.04296875 0.052734375
 0 0.544921875 0.544921875 0.09375 0.109375
 0 0.6142578125 0.513671875 0.060546875 0.09375
 3 0.61328125 0.5107421875 0.05078125 0.080078125
 0 0.6943359375 0.548828125 0.107421875 0.10546875
 0 0.74609375 0.5439453125 0.05859375 0.076171875