
 4 0.0654296875 0.068359375 0.076171875 0.125
 0 0.2138671875 0.513671875 0.064453125 0.078125
 0 0.263671875 0.525390625 0.10546875 0.078125
 0 0.3330078125 0.51171875 0.076171875 0.08203125
 0 0.4150390625 0.50390625 0.029296875 0.02734375
 0 0.474609375 0.4951171875 0.02734375 0.037109375
 4 0.5732421875 0.0302734375 0.029296875 0.056640625
 4 0.5654296875 0.3642578125 0.013671875 0.041015625
 4 0.6533203125 0.357421875 0.009765625 0.0390625
 4 0.8017578125 0.076171875 0.029296875 0.08984375